1.199682800265898841e+05
1.197663893009906606e+05
1.191631893758961960e+05
1.181660048401926615e+05
1.167867786930956645e+05
1.150416978511595953e+05
1.129507091478048242e+05
1.105369586207219108e+05
1.078261879604519054e+05
1.048461195182162337e+05
1.016258564337492135e+05
9.819531839193945052e+04
9.458472728472319432e+04
9.082415133337929728e+04
8.694311144628125476e+04
8.297024989700449805e+04
7.893305876733786135e+04
7.485766389409831027e+04
7.076865909372082388e+04
6.668898503234812233e+04
6.263984709995904268e+04
5.864066688706746208e+04
5.470906226081436034e+04
5.086085150335712387e+04
4.711007746282691369e+04
4.346904814390516549e+04
3.994839060590822191e+04
3.655711544416293327e+04
3.330268949862119916e+04
3.019111475924695333e+04
2.722701173366228613e+04
2.441370579611674839e+04
2.175331526223176843e+04
1.924684012914675259e+04
1.689425059490909189e+04
1.469457462207491335e+04
1.264598394644221662e+04
1.074587804751694966e+04
8.990965695322176543e+03
7.377343766973411221e+03
5.900573091300320812e+03
4.555751134688493039e+03
3.337581390725095844e+03
2.240439377922414224e+03
1.258435185467305701e+03
3.854725334570892983e+02
-3.846956660268609198e+02
-1.058415246213452519e+03
-1.642082211870075298e+03
-2.142097639269713454e+03
-2.564826029455954540e+03
-2.916557085928450306e+03
-3.203470876594712990e+03
-3.431606329867896875e+03
-3.606833007385705514e+03
-3.734826088677947610e+03
-3.821044493780211724e+03
-3.870712057657632613e+03
-3.888801658296663391e+03
-3.880022189384444573e+03
-3.848808259248249215e+03
-3.799312490226943737e+03
-3.735400286278882049e+03
-3.660646931978589691e+03
-3.578336882532170875e+03
-3.491465100214115864e+03
-3.402740289272152950e+03
-3.314589878358780425e+03
-3.229166598255490044e+03
-3.148356501547147673e+03
-3.073788269161983408e+03
-3.006843647049823176e+03
-2.948668856244112249e+03
-2.900186822187039979e+03
-2.862110073029030900e+03
-2.834954161517899593e+03
-2.819051470963748670e+03
-2.814565271479319108e+03
-2.821503900035013885e+03
-2.839734945392982354e+03
-2.868999328028849050e+03
-2.908925175262979337e+03
-2.959041402702406231e+03
-3.018790924822598754e+03
-3.087543427991334283e+03
-3.164607649314291393e+03
-3.249243112192823901e+03
-3.340671276382661290e+03
-3.438086066088140342e+03
-3.540663745661185658e+03
-3.647572118696871257e+03
-3.757979033113070727e+03
-3.871060180828118519e+03
-3.986006186561846334e+03
-4.102028985579519031e+03
-4.218367494877712488e+03
-4.334292586221365127e+03
-4.449111373846564675e+03
-4.562170833069920263e+03
-4.672860769575328050e+03
-4.780616163237338696e+03
-4.884918914394575040e+03
-4.985299026108311409e+03
-5.081335260585161450e+03
-5.172655311234796500e+03
-5.258935532316138051e+03
-5.339900267397630159e+03
-5.415320818140446136e+03
-5.485014096348553721e+03
-5.548841003830082627e+03
-5.606704583857521357e+03
-5.658547984771856136e+03
-5.704352270974148269e+03
-5.744134110659621911e+03
-5.777943365768618605e+03
-5.805860606589010786e+03
-5.827994572279691965e+03
-5.844479598814437850e+03
-5.855473035731432901e+03
-5.861152673551302541e+03
-5.861714202736030529e+03
-5.857368723737662549e+03
-5.848340325231923998e+03
-5.834863745919145913e+03
-5.817182132692580126e+03
-5.795544905984245815e+03
-5.770205741125774694e+03
-5.741420672274327444e+03
-5.709446323794350064e+03
-5.674538272377383691e+03
-5.636949541903340105e+03
-5.596929232192210293e+03
-5.554721281882409130e+03
-5.510563363908282554e+03
-5.464685908797426237e+03
-5.417311246750279679e+03
-5.368652856028252245e+03
-5.318914703978815851e+03
-5.268290668380479474e+03
-5.216964030506685049e+03
-5.165107035918297697e+03
-5.112880523351004740e+03
-5.060433625545113500e+03
-5.007903547859606988e+03
-4.955415431205945424e+03
-4.903082304803998341e+03
-4.851005132695372595e+03
-4.799272955406781875e+03
-4.747963125631160437e+03
-4.697141633894214465e+03
-4.646863518127835960e+03
-4.597173349190269619e+03
-4.548105783539478580e+03
-4.499686174528934316e+03
-4.451931234847031192e+03
-4.404849743824948746e+03
-4.358443294608101496e+03
-4.312707076439564844e+03
-4.267630686826214514e+03
-4.223198966791283965e+03
-4.179392849795155598e+03
-4.136190212752650041e+03
-4.093566714876852529e+03
-4.051496608970589023e+03
-4.009953508856032840e+03
-3.968911096624795391e+03
-3.928343753676756023e+03
-3.888227101383452464e+03
-3.848538440221585461e+03
-3.809257080357451287e+03
-3.770364561456551655e+03
-3.731844764285980091e+03
-3.693683920052244503e+03
-3.655870526954792240e+03
-3.618395185968762235e+03
-3.581250370291791114e+03
-3.544430145774984794e+03
-3.507929861409030764e+03
-3.471745830334162747e+03
-3.435875021101925540e+03
-3.400314776377837006e+03
-3.365062571651402777e+03
-3.330115821718726238e+03
-3.295471738403670315e+03
-3.261127239739409106e+03
-3.227078908323223459e+03
-3.193322994133463908e+03
-3.159855456001605035e+03
-3.126672034783702202e+03
-3.093768351244828409e+03
-3.061140022642969598e+03
-3.028782792172540667e+03
-2.996692665508480786e+03
-2.964866047025792341e+03
-2.933299866069122800e+03
-2.901991682292890800e+03
-2.870939759592252813e+03
-2.840143100970830346e+03
-2.809601441809865264e+03
-2.779315204296113734e+03
-2.749285419822100721e+03
-2.719513626877327624e+03
-2.690001751330386014e+03
-2.660751975600001515e+03
-2.631766603806714102e+03
-2.603047930522642673e+03
-2.574598121118960535e+03
-2.546419110783444921e+03
-2.518512527520035292e+03
-2.490879642080182748e+03
-2.463521345533256863e+03
-2.436438153107628295e+03
-2.409630231066120359e+03
-2.383097442539278290e+03
-2.356839408655525403e+03
-2.330855583456030672e+03
-2.305145344003297851e+03
-2.279708097485671260e+03
-2.254543400982227922e+03
-2.229651079621911322e+03
-2.205031324069128459e+03
-2.180684752638526334e+03
-2.156612433085979774e+03
-2.132815866588995050e+03
-2.109296939889462919e+03
-2.086057851807435327e+03
-2.063101020412982507e+03
-2.040428976271758302e+03
-2.018044247291704778e+03
-1.995949239579490040e+03
-1.974146117580806049e+03
-1.952636684952401538e+03
-1.931422265796465581e+03
-1.910503583907286156e+03
-1.889880637151326027e+03
-1.869552565310230648e+03
-1.849517512241335908e+03
-1.829772487722166034e+03
-1.810313237901901402e+03
-1.791134135961558968e+03
-1.772228104964134900e+03
-1.753586584049899329e+03
-1.735199546705461898e+03
-1.717055576827790219e+03
-1.699142004405809530e+03
-1.681445098448032695e+03
-1.663950310934742447e+03
-1.646642562192314017e+03
-1.629506555053287457e+03
-1.612527103968951224e+03
-1.595689464482584526e+03
-1.578979649328247888e+03
-1.562384718709065055e+03
-1.545893034937873836e+03
-1.529494473704329494e+03
-1.513180586914010973e+03
-1.496944714700143095e+03
-1.480782046139880322e+03
-1.464689629687871275e+03
-1.448666335263900692e+03
-1.432712770126645182e+03
-1.416831151291579317e+03
-1.401025137700877849e+03
-1.385299627335924924e+03
-1.369660525595123090e+03
-1.354114493157056813e+03
-1.338668682456536999e+03
-1.323330472577559021e+03
-1.308107212459245147e+03
-1.293005982698935213e+03
-1.278033386310710512e+03
-1.263195378134425255e+03
-1.248497141657947168e+03
-1.233943019124513739e+03
-1.219536498497092680e+03
-1.205280257509193461e+03
-1.191176261849115235e+03
-1.177225911438444882e+03
-1.163430224948049499e+03
-1.149790048471789078e+03
-1.136306270995880368e+03
-1.122980027406000772e+03
-1.109812870641119389e+03
-1.096806898503319871e+03
-1.083964826057133678e+03
-1.071290000657729934e+03
-1.058786362244938118e+03
-1.046458356060341657e+03
-1.034310808134943045e+03
-1.022348776169976190e+03
-1.010577389148241991e+03
-9.990016884076158021e+02
-9.876264812253011769e+02
-9.764562149149436436e+02
-9.654948761007613030e+02
-9.547459164239218126e+02
-9.442122029390233138e+02
-9.338959893466596895e+02
-9.237989027930808561e+02
-9.139219405610963349e+02
-9.042654712388883809e+02
-8.948292358318815332e+02
-8.856123455336910411e+02
-8.766132740251272253e+02
-8.678298429257928319e+02
-8.592591996601350957e+02
-8.508977879284667551e+02
-8.427413123422446688e+02
-8.347847008655731997e+02
-8.270220704830255727e+02
-8.194467027575357179e+02
-8.120510358444583972e+02
-8.048266787948050478e+02
-7.977644522742413074e+02
-7.908544576208074659e+02
-7.840861732108978686e+02
-7.774485741866342323e+02
-7.709302687705423978e+02
-7.645196425595505616e+02
-7.582050020010076423e+02
-7.519747097051425726e+02
-7.458173064418215290e+02
-7.397216174658818773e+02
-7.336768430283942735e+02
-7.276726352243032352e+02
-7.216991645192966871e+02
-7.157471798706283153e+02
-7.098080645888992422e+02
-7.038738883791095304e+02
-6.979374535455142450e+02
-6.919923326773333656e+02
-6.860328948109211069e+02
-6.800543175512977996e+02
-6.740525831946623612e+02
-6.680244582539384055e+02
-6.619674569364271974e+02
-6.558797910131436311e+02
-6.497603102400296393e+02
-6.436084385514335509e+02
-6.374241112267166045e+02
-6.312077172702388452e+02
-6.249600497792155238e+02
-6.186822659295012272e+02
-6.123758576132423741e+02
-6.060426335591896532e+02
-5.996847145216610215e+02
-5.933045438159505238e+02
-5.869049156387994799e+02
-5.804890231001040775e+02
-5.740605259526042801e+02
-5.676236361192908362e+02
-5.611832163527642479e+02
-5.547448856253547547e+02
-5.483151230577296928e+02
-5.419013617701247085e+02
-5.355120634778847943e+02
-5.291567645694559587e+02
-5.228460850148712780e+02
-5.165916929305645908e+02
-5.104062206737557972e+02
-5.043031322478972243e+02
-4.982965463869917926e+02
-4.924010230506475523e+02
-4.866313222943679193e+02
-4.810021438995501057e+02
-4.755278543139348244e+02
-4.702222082196713586e+02
-4.650980736172446086e+02
-4.601671723545424015e+02
-4.554398465955230790e+02
-4.509248573244948375e+02
-4.466292151805015465e+02
-4.425580403867552945e+02
-4.387144479430113506e+02
-4.350994557964642127e+02
-4.317119156910082438e+02
-4.285484680902293917e+02
-4.256035240075742081e+02
-4.228692768444321928e+02
-4.203357480090866147e+02
-4.179908695362353228e+02
-4.158206057139365157e+02
-4.138091130002702585e+02
-4.119389345212028957e+02
-4.101912224378871770e+02
-4.085459794474552950e+02
-4.069823105623463562e+02
-4.054786776266633410e+02
-4.040131515959851640e+02
-4.025636602486820266e+02
-4.011082315994970031e+02
-3.996252347619685565e+02
-3.980936204297798895e+02
-3.964931622864646101e+02
-3.948046986212265210e+02
-3.930103715476427624e+02
-3.910938607752377152e+02
-3.890406096876481001e+02
-3.868380420859388096e+02
-3.844757672674188598e+02
-3.819457689310693809e+02
-3.792425709053185869e+02
-3.763633711603656593e+02
-3.733081363788040221e+02
-3.700796521882060119e+02
-3.666835270506746838e+02
-3.631281496426207127e+02
-3.594245996217086940e+02
-3.555865106781077429e+02
-3.516298853880821298e+02
-3.475728650327475862e+02
-3.434354614783924262e+02
-3.392392587842638818e+02
-3.350070911746753950e+02
-3.307627025774291951e+02
-3.265303936115388410e+02
-3.223346635083426577e+02
-3.181998553172581978e+02
-3.141498129892506768e+02
-3.102075576743280863e+02
-3.063949889777440490e+02
-3.027326152213451564e+02
-2.992393160759318107e+02
-2.959321400086084282e+02
-2.928261384444650730e+02
-2.899342375758394041e+02
-2.872671476704278462e+02
-2.848333088987496353e+02
-2.826388719410670660e+02
-2.806877112540069561e+02
-2.789814677695854925e+02
-2.775196169757006714e+02
-2.762995570357650763e+02
-2.753167102404927959e+02
-2.745646302119561142e+02
-2.740351064319510215e+02
-2.737182585728485265e+02
-2.736026146260863925e+02
-2.736751700795949773e+02
-2.739214286681207113e+02
-2.743254289665122769e+02
-2.748697635843859075e+02
-2.755355992739292788e+02
-2.763027072385083898e+02
-2.771495132582003293e+02
-2.780531778865020556e+02
-2.789897169635846694e+02
-2.799341710977808475e+02
-2.808608286371491545e+02
-2.817435008339883211e+02
-2.825558410995175223e+02
-2.832716945828049688e+02
-2.838654613982820933e+02
-2.843124564997518178e+02
-2.845892510434158567e+02
-2.846739832541268242e+02
-2.845466303211785544e+02
-2.841892365912163427e+02
-2.835860965114711689e+02
-2.827238940339947817e+02
-2.815918027553120737e+02
-2.801815538783798729e+02
-2.784874801963989626e+02
-2.765065443181441651e+02
-2.742383575315544704e+02
-2.716851925275464055e+02
-2.688519902077982238e+02
-2.657463584547613777e+02
-2.623785600314966473e+02
-2.587614866002002145e+02
-2.549106160089193622e+02
-2.508439503453859061e+02
-2.465819316463445432e+02
-2.421473316397034523e+02
-2.375651112578618438e+02
-2.328622447753431572e+02
-2.280675034447567384e+02
-2.232111945516979006e+02
-2.183248547674896827e+02
-2.134409004618619576e+02
-2.085922417114304608e+02
-2.038118698694404713e+02
-1.991324306710857570e+02
-1.945857953520791739e+02
-1.902026425319745897e+02
-1.860120623228346517e+02
-1.820411925426091955e+02
-1.783148948289442330e+02
-1.748554760152484846e+02
-1.716824581085312786e+02
-1.688123984224755247e+02
-1.662587597658537106e+02
-1.640318287187596695e+02
-1.621386781939391994e+02
-1.605831689255553840e+02
-1.593659836085257950e+02
-1.584846876692618878e+02
-1.579338116712952456e+02
-1.577049518493568598e+02
-1.577868871668782162e+02
-1.581657131607925635e+02
-1.588249942591180286e+02
-1.597459375429302497e+02
-1.609075912556466506e+02
-1.622870713098766942e+02
-1.638598186802925909e+02
-1.655998890450413512e+02
-1.674802733462930746e+02
-1.694732437581786542e+02
-1.715507161336427941e+02
-1.736846172733296214e+02
-1.758472450790950177e+02
-1.780116109625920444e+02
-1.801517565498328963e+02
-1.822430393829642981e+02
-1.842623848719163391e+02
-1.861885026765792475e+02
-1.880020665582686945e+02
-1.896858570059625890e+02
-1.912248663639505821e+02
-1.926063662356780242e+02
-1.938199372058332131e+02
-1.948574610453317177e+02
-1.957130764168472297e+02
-1.963831003700025803e+02
-1.968659202464284590e+02
-1.971618629916067960e+02
-1.972730510086974220e+02
-1.972032537247134201e+02
-1.969577431297588248e+02
-1.965431594089733665e+02
-1.959673911309025414e+02
-1.952394726889260426e+02
-1.943694987534530583e+02
-1.933685517907023836e+02
-1.922486354071820926e+02
-1.910226050001981832e+02
-1.897040874497066909e+02
-1.883073840852102308e+02
-1.868473531102595189e+02
-1.853392700374786273e+02
-1.837986664955188871e+02
-1.822411490943426315e+02
-1.806822014668190093e+02
-1.791369739386553590e+02
-1.776200661789750086e+02
-1.761453092672555840e+02
-1.747255537834656991e+02
-1.733724703088680030e+02
-1.720963676775761542e+02
-1.709060329197423016e+02
-1.698085949483830461e+02
-1.688094129279746198e+02
-1.679119905241352342e+02
-1.671179182535356347e+02
-1.664268476482365315e+02
-1.658365013577486877e+02
-1.653427226167745516e+02
-1.649395660222773756e+02
-1.646194294511034002e+02
-1.643732243863598512e+02
-1.641905797702567327e+02
-1.640600726827163101e+02
-1.639694782973062388e+02
-1.639060314406509065e+02
-1.638566930124289627e+02
-1.638084150244719410e+02
-1.637483989764685930e+02
-1.636643425717502112e+02
-1.635446712130049605e+02
-1.633787518562000116e+02
-1.631570882398108608e+02
-1.628714978023155027e+02
-1.625152710458058607e+02
-1.620833139771689559e+02
-1.615722728775701569e+02
-1.609806392305684142e+02
-1.603088308611895911e+02
-1.595592439319434277e+02
-1.587362690634195133e+02
-1.578462639622002541e+02
-1.568974748830641204e+02
-1.558999002402132135e+02
-1.548650928753874894e+02
-1.538059026269622791e+02
-1.527361659769948972e+02
-1.516703547016310267e+02
-1.506231990254382538e+02
-1.496093031601869257e+02
-1.486427720521984099e+02
-1.477368673960822889e+02
-1.469037088041168033e+02
-1.461540321030772134e+02
-1.454970128669943961e+02
-1.449401576559801015e+02
-1.444892616262595766e+02
-1.441484260763331235e+02
-1.439201267420411057e+02
-1.438053218484961633e+02
-1.438035900826985198e+02
-1.439132905029736094e+02
-1.441317382320462741e+02
-1.444553894881894962e+02
-1.448800295003665610e+02
-1.454009560935240870e+02
-1.460131532027898800e+02
-1.467114492877289535e+02
-1.474906568977806955e+02
-1.483456902745464845e+02
-1.492716577561465385e+02
-1.502639261558025510e+02
-1.513181537165201291e+02
-1.524302893852078000e+02
-1.535965373248133687e+02
-1.548132886441512710e+02
-1.560770254610511074e+02
-1.573842053987922043e+02
-1.587311367464285752e+02
-1.601138555601576172e+02
-1.615280165469213784e+02
-1.629688095816768225e+02
-1.644309134407085367e+02
-1.659084966148088540e+02
-1.673952701483744079e+02
-1.688845892953652879e+02
-1.703695928063792735e+02
-1.718433642387554414e+02
-1.732990993737448093e+02
-1.747302661303865250e+02
-1.761307465104730454e+02
-1.774949536542972623e+02
-1.788179209763137294e+02
-1.800953632273447909e+02
-1.813237113205404683e+02
-1.825001246425999000e+02
-1.836224856982457538e+02
-1.846893835655085638e+02
-1.857000931718235961e+02
-1.866545554447098141e+02
-1.875533602272356575e+02
-1.883977303638362457e+02
-1.891895031592290479e+02
-1.899311047260524106e+02
-1.906255125611791357e+02
-1.912762021763735447e+02
-1.918870747153963805e+02
-1.924623639238352268e+02
-1.930065227408641420e+02
-1.935240920033000975e+02
-1.940195548716943392e+02
-1.944971821212399732e+02
-1.949608741198136102e+02
-1.954140057575319531e+02
-1.958592806456830999e+02
-1.962986004452989164e+02
-1.967329536840898356e+02
-1.971623260031536233e+02
-1.975856317091499648e+02
-1.980006648974396626e+02
-1.984040693150077459e+02
-1.987913277684122590e+02
-1.991567736218122491e+02
-1.994936285693775346e+02
-1.997940712203037208e+02
-2.000493407878988421e+02
-2.002498778912266459e+02
-2.003855019081983642e+02
-2.004456206167378980e+02
-2.004194645722722896e+02
-2.002963360289811021e+02
-2.000658603295043463e+02
-1.997182274660496546e+02
-1.992444123594230518e+02
-1.986363646473480458e+02
-1.978871620355968730e+02
-1.969911245782060121e+02
-1.959438900503949412e+02
-1.947424515974846031e+02
-1.933851584040652938e+02
-1.918716786661410652e+02
-1.902029240064316582e+02
-1.883809365531990636e+02
-1.864087427229472098e+02
-1.842901805996984592e+02
-1.820297091430342107e+02
-1.796322079354174548e+02
-1.771027759269171895e+02
-1.744465377441975988e+02
-1.716684663944909630e+02
-1.687732317640336248e+02
-1.657650842446802528e+02
-1.626477819408457037e+02
-1.594245675654914294e+02
-1.560981983588879416e+02
-1.526710283440864941e+02
-1.491451380279563921e+02
-1.455225031098130728e+02
-1.418051904669007399e+02
-1.379955683963705440e+02
-1.340965171598107020e+02
-1.301116261755621224e+02
-1.260453646042239626e+02
-1.219032145844981727e+02
-1.176917592973228892e+02
-1.134187223285021275e+02
-1.090929582617080200e+02
-1.047243970008950384e+02
-1.003239452714232556e+02
-9.590334909578447764e+01
-9.147502033171248570e+01
-8.705183044111822710e+01
-8.264687448266083436e+01
-7.827321024108800884e+01
-7.394357986912764602e+01
-6.967012448504340227e+01
-6.546410472003917391e+01
-6.133564176749715813e+01
-5.729349332295299746e+01
-5.334487680940294752e+01
-4.949534806431401535e+01
-4.574873841041076616e+01
-4.210714800251748358e+01
-3.857099167950602236e+01
-3.513909454116561193e+01
-3.180883670660293561e+01
-2.857634608526376496e+01
-2.543673448292295092e+01
-2.238436704557947010e+01
-1.941315019133308795e+01
-1.651682035050997044e+01
-1.368921505555142559e+01
-1.092451004352411026e+01
-8.217411015836411536e+00
-5.563295109408056938e+00
-2.958302583327016233e+00
-3.993833010129745897e-01
2.115695638143315183e+00
4.588374294046843715e+00
7.019349447909773332e+00
9.408643493399772240e+00
1.175568787848146890e+01
1.405941715080834520e+01
1.631837010753710970e+01
1.853079376286349955e+01
2.069474437172433667e+01
2.280817868063366305e+01
2.486902863736533220e+01
2.687525441443406748e+01
2.882487368258311733e+01
3.071596757568413949e+01
3.254666644841756806e+01
3.431511955145163739e+01
3.601945224088473907e+01
3.765771197153198813e+01
3.922780127305529163e+01
4.072739468685803388e+01
4.215383866153201353e+01
4.350403655070332576e+01
4.477432501084755501e+01
4.596035025485574010e+01
4.705695485785216903e+01
4.805808586498715584e+01
4.895673474028695438e+01
4.974491818767607043e+01
5.041370678873658306e+01
5.095330544830953556e+01
5.135318593585344615e+01
5.160226743176819753e+01
5.168913763727595523e+01
5.160230365290887988e+01
5.133046073947286914e+01
5.086276656837728893e+01
5.018910966018029995e+01
4.930036269308673980e+01
4.818861383940160437e+01
4.684737104663292229e+01
4.527173604131620266e+01
4.345854568739353141e+01
4.140647962534468007e+01
3.911613512845323015e+01
3.659007236138375418e+01
3.383283551529248001e+01
3.085095665769180684e+01
2.765294939322138390e+01
2.424929779014384224e+01
2.065244332151645068e+01
1.687676987850456456e+01
1.293858372414760716e+01
8.856084292176346295e+00
4.649321030670304111e+00
3.401318323486779427e-01
-4.047941728713813525e+00
-8.489768282421859880e+00
-1.295877638463224280e+01
-1.742714545279168448e+01
-2.186604028264691735e+01
-2.624588776593131456e+01
-3.053669107430888729e+01
-3.470837452891021968e+01
-3.873115140997021655e+01
-4.257590650514585917e+01
-4.621458502655058709e+01
-4.962058002109794330e+01
-5.276911014964628777e+01
-5.563758064394001934e+01
-5.820592112163416232e+01
-6.045689480402535310e+01
-6.237637378452576797e+01
-6.395357427304274012e+01
-6.518124420799988172e+01
-6.605579475888558250e+01
-6.657736682892483771e+01
-6.674982532051770079e+01
-6.658067649945277822e+01
-6.608090850397636018e+01
-6.526476007389635470e+01
-6.414942752133782733e+01
-6.275472370299496561e+01
-6.110270476121861094e+01
-5.921728112261357779e+01
-5.712382714979874976e+01
-5.484880174979098655e+01
-5.241938824183741730e+01
-4.986315783719216199e+01
-4.720775805786232837e+01
-4.448062536776285469e+01
-4.170872057532390187e+01
-3.891828574686174136e+01
-3.613462250002189791e+01
-3.338189254603502576e+01
-3.068294244583216468e+01
-2.805915521488263309e+01
-2.553033217576068736e+01
-2.311460811156394612e+01
-2.082840203936607892e+01
-1.868640406360460204e+01
-1.670159582858204672e+01
-1.488529890600354832e+01
-1.324724229515495821e+01
-1.179563852668992752e+01
-1.053725801583336619e+01
-9.477493702505556783e+00
-8.620411735006767273e+00
-7.968788867006431964e+00
-7.524141732958276485e+00
-7.286756435463455084e+00
-7.255728538881953682e+00
-7.429023294133516586e+00
-7.803563426784511314e+00
-8.375348838012637742e+00
-9.139608337372369107e+00
-1.009097997274418645e+01
-1.122371320459367894e+01
-1.253188313454717573e+01
-1.400960551956886313e+01
-1.565123912146851204e+01
-1.745156170414541563e+01
-1.940590663929602755e+01
-2.151024967248497788e+01
-2.376123899480797519e+01
-2.615616576656345060e+01
-2.869287564461508211e+01
-3.136962511726123637e+01
-3.418488922691160070e+01
-3.713712927237045136e+01
-4.022453073156743386e+01
-4.344472232564200453e+01
-4.679448786491794721e+01
-5.026948325757516756e+01
-5.386397240510429185e+01
-5.757059680298814186e+01
-6.138019399228991801e+01
-6.528167821816106198e+01
-6.926199380929941185e+01
-7.330614723272773858e+01
-7.739731872067240204e+01
-8.151704941252680214e+01
-8.564549494827132037e+01
-8.976173208415565341e+01
-9.384410129027870084e+01
-9.787056653830833852e+01
-1.018190731576251551e+02
-1.056678866629772529e+02
-1.093958988549890989e+02
-1.129828920506404870e+02
-1.164097568191508287e+02
-1.196586627790642012e+02
-1.227131857851217092e+02
-1.255583978759866426e+02
-1.281809280596521035e+02
-1.305690035696558482e+02
-1.327124802572327553e+02
-1.346028686058357948e+02
-1.362333581001765879e+02
-1.375988394639873889e+02
-1.386959213875647947e+02
-1.395229373173572469e+02
-1.400799373564893813e+02
-1.403686613290136904e+02
-1.403924905132914489e+02
-1.401563786416400603e+02
-1.396667658780608292e+02
-1.389314818935689004e+02
-1.379596457699599910e+02
-1.367615693761463831e+02
-1.353486687156354833e+02
-1.337333838832729214e+02
-1.319291049983660002e+02
-1.299500989200400909e+02
-1.278114310772171649e+02
-1.255288771046377008e+02
-1.231188205157665152e+02
-1.205981339185163961e+02
-1.179840427665835847e+02
-1.152939717292927213e+02
-1.125453747110629052e+02
-1.097555499056241217e+02
-1.069414423911170076e+02
-1.041194375188774472e+02
-1.013051497988147958e+02
-9.851321338368573777e+01
-9.575708109703883508e+01
-9.304883940253662900e+01
-9.039904690591666281e+01
-8.781660341858859908e+01
-8.530865635543854353e+01
-8.288055027839546085e+01
-8.053582359758736686e+01
-7.827625376993462680e+01
-7.610194847061828227e+01
-7.401147561216332349e+01
-7.200202101513572472e+01
-7.006956050653411694e+01
-6.820903399013192825e+01
-6.641451260318862637e+01
-6.467935433700431247e+01
-6.299634724756477056e+01
-6.135784144314317246e+01
-5.975587224911651418e+01
-5.818227715122036869e+01
-5.662880865951661491e+01
-5.508724433660684383e+01
-5.354949427767494541e+01
-5.200770508610059295e+01
-5.045435865118039231e+01
-4.888236357068201698e+01
-4.728513734216541309e+01
-4.565667831470789650e+01
-4.399162804730265464e+01
-4.228532646494499403e+01
-4.053386343848516304e+01
-3.873413076220957407e+01
-3.688387777127361744e+01
-3.498177228198741062e+01
-3.302746616357780596e+01
-3.102166213377116222e+01
-2.896617553719605098e+01
-2.686398222476368858e+01
-2.471924279885669407e+01
-2.253729346588760052e+01
-2.032459578521010712e+01
-1.808864065963165757e+01
-1.583780563204677350e+01
-1.358116806894489415e+01
-1.132828032238551152e+01
-9.088915525671424689e+00
-6.872794675087474658e+00
-4.689305997220087008e+00
-2.547226828247135533e+00
-4.544566666049518755e-01
1.582230649411803025e+00
3.557406979213030507e+00
5.467171353602064521e+00
7.309281392563182322e+00
9.083223217320856691e+00
1.079021113569690904e+01
1.243311249176865196e+01
1.401629734343733702e+01
1.554541762766191582e+01
1.702712510741349305e+01
1.846874305705477326e+01
1.987791103474081211e+01
2.126222548918648769e+01
2.262889848963075323e+01
2.398445407846263322e+01
2.533447644905837137e+01
2.668341833416235431e+01
2.803447207741771408e+01
2.938950055768493286e+01
3.074902099072175332e+01
3.211223206167036892e+01
3.347707365870213181e+01
3.484030904275129359e+01
3.619762080377439872e+01
3.754371406407370415e+01
3.887242276424269249e+01
4.017681665945720226e+01
4.144930780241653423e+01
4.268175604895456843e+01
4.386557366797698876e+01
