   4.0000000145099749E-015  -1.3576026458395964E-017   2.6559896831242401E-018  -1.0920036775271724E-017   76.949046615404797     
   8.0000000290199498E-015  -1.3578404511842049E-017   2.6600752236356453E-018  -1.0918329288206404E-017   77.067412454420946     
   1.2000000043529925E-014  -1.3582719828648836E-017   2.6619304376746905E-018  -1.0920789390974145E-017   77.121161515450467     
   1.6000000058039900E-014  -1.3588161295385316E-017   2.6631413590526373E-018  -1.0925019936332678E-017   77.156244198998252     
   2.0000000072549875E-014  -1.3593778011864598E-017   2.6632975783126999E-018  -1.0930480433551898E-017   77.160770166550449     
   2.4000000087059849E-014  -1.3598612946845672E-017   2.6625232323175897E-018  -1.0936089714528082E-017   77.138335897903701     
   2.8000000101569824E-014  -1.3601931447348743E-017   2.6610226961527063E-018  -1.0940908751196036E-017   77.094862525987622     
   3.2000000116079799E-014  -1.3603298439895599E-017   2.6591107328856917E-018  -1.0944187707009908E-017   77.039469332446529     
   3.6000000130589774E-014  -1.3602686176269391E-017   2.6571433051558013E-018  -1.0945542871113591E-017   76.982469228469597     
   4.0000000145099749E-014  -1.3600330179896284E-017   2.6554508770441221E-018  -1.0944879302852161E-017   76.933436383769063     
   4.4000000159609724E-014  -1.3596816460951464E-017   2.6542847137320162E-018  -1.0942531747219448E-017   76.899650426077073     
   4.8000000174119699E-014  -1.3592817092824851E-017   2.6537772905993447E-018  -1.0939039802225507E-017   76.884949417809693     
   5.2000000188629674E-014  -1.3588961577323263E-017   2.6539215617255548E-018  -1.0935040015597709E-017   76.889129225316680     
   5.6000000203139649E-014  -1.3585794036360230E-017   2.6545777321292558E-018  -1.0931216304230974E-017   76.908139723475941     
   6.0000000217649624E-014  -1.3583551731179798E-017   2.6555122100123053E-018  -1.0928039521167493E-017   76.935213315907689     
   6.4000000232159598E-014  -1.3582282415902663E-017   2.6564633184233123E-018  -1.0925819097479350E-017   76.962768726201602     
   6.8000000246669573E-014  -1.3581778530735964E-017   2.6572159494874238E-018  -1.0924562581248540E-017   76.984573872209694     
   7.2000000261179548E-014  -1.3581707553597551E-017   2.6576621000543430E-018  -1.0924045453543208E-017   76.997499698311159     
   7.6000000275689523E-014  -1.3581803697347496E-017   2.6578203432131242E-018  -1.0923983354134372E-017   77.002084302038725     
   8.0000000290199498E-014  -1.3581872571725146E-017   2.6578052832228200E-018  -1.0924067288502325E-017   77.001647985624047     
   8.4000000304709473E-014  -1.3581885071635779E-017   2.6577661564516955E-018  -1.0924118915184084E-017   77.000514409031382     
   8.8000000319219448E-014  -1.3581951675235266E-017   2.6578253907082328E-018  -1.0924126284527034E-017   77.002230537522564     
   9.2000000333729423E-014  -1.3582229279526230E-017   2.6580426361728548E-018  -1.0924186643353376E-017   77.008524549690762     
   9.6000000348239398E-014  -1.3582868576521997E-017   2.6584115329611245E-018  -1.0924457043560873E-017   77.019212187650055     
   1.0000000036274937E-013  -1.3584006002656507E-017   2.6588770103552417E-018  -1.0925128992301266E-017   77.032697948504449     
   1.0400000037725935E-013  -1.3585657356493150E-017   2.6593568960652759E-018  -1.0926300460427873E-017   77.046601145533458     
   1.0800000039176932E-013  -1.3587663736383858E-017   2.6597586541256015E-018  -1.0927905082258256E-017   77.058240836722220     
   1.1200000040627930E-013  -1.3589931628211892E-017   2.6599910304624296E-018  -1.0929940597749464E-017   77.064973218887900     
   1.1600000042078927E-013  -1.3592172754039263E-017   2.6599791997466709E-018  -1.0932193554292593E-017   77.064630460667033     
   1.2000000043529925E-013  -1.3594128596754460E-017   2.6596883751201174E-018  -1.0934440221634343E-017   77.056204720955861     
   1.2400000044980922E-013  -1.3595509641377855E-017   2.6591464890275226E-018  -1.0936363152350333E-017   77.040505255530874     
   1.2800000046431920E-013  -1.3596220942036666E-017   2.6584473045047485E-018  -1.0937773637531918E-017   77.020248556953490     
   1.3200000047882917E-013  -1.3596190147933812E-017   2.6577273726624053E-018  -1.0938462775271406E-017   76.999390769271415     
   1.3600000049333915E-013  -1.3595568847880072E-017   2.6571272055203237E-018  -1.0938441642359749E-017   76.982002791567098     
   1.4000000050784912E-013  -1.3594568413987594E-017   2.6567530261968394E-018  -1.0937815387790754E-017   76.971162108567356     
   1.4400000052235910E-013  -1.3593452002462540E-017   2.6566575164344469E-018  -1.0936794486028092E-017   76.968395010033333     
   1.4800000053686907E-013  -1.3592539169163216E-017   2.6568486627273228E-018  -1.0935690506435893E-017   76.973932879812850     
   1.5200000055137905E-013  -1.3592105453925029E-017   2.6573214055097905E-018  -1.0934784048415238E-017   76.987629132714858     
   1.5600000056588902E-013  -1.3592421935041101E-017   2.6580916338835612E-018  -1.0934330301157540E-017   77.009944106080297     
   1.6000000058039900E-013  -1.3593861659005587E-017   2.6592057511955098E-018  -1.0934655907810078E-017   77.042222192669584     
   1.6400000059490897E-013  -1.3596786019404056E-017   2.6607107991746381E-018  -1.0936075220229417E-017   77.085826280381298     
   1.6800000060941895E-013  -1.3601617847568295E-017   2.6625948136221187E-018  -1.0939023033946176E-017   77.140409743737521     
   1.7200000062392892E-013  -1.3608612449747833E-017   2.6647326155413554E-018  -1.0943879834206478E-017   77.202345910351056     
   1.7600000063843890E-013  -1.3617770384717383E-017   2.6668741365934833E-018  -1.0950896248123901E-017   77.264389827281576     
   1.8000000065294887E-013  -1.3628780031665231E-017   2.6686910911183515E-018  -1.0960088940546880E-017   77.317030437793164     
   1.8400000066745885E-013  -1.3640994185151181E-017   2.6698615369566103E-018  -1.0971132648194570E-017   77.350940468370936     
   1.8800000068196882E-013  -1.3653505430864308E-017   2.6701526792479396E-018  -1.0983352751616368E-017   77.359375411431728     
   1.9200000069647880E-013  -1.3665342156098847E-017   2.6694694577775403E-018  -1.0995872698321307E-017   77.339581192685912     
   1.9600000071098877E-013  -1.3675529974377071E-017   2.6678570657043551E-018  -1.1007672908672716E-017   77.292867143459674     
   2.0000000072549875E-013  -1.3683331265880782E-017   2.6654686575687156E-018  -1.1017862608312066E-017   77.223670440575745     
   2.0400000074000872E-013  -1.3688142563877525E-017   2.6625191619585282E-018  -1.1025623401918997E-017   77.138217971900019     
   2.0800000075451869E-013  -1.3689645431589036E-017   2.6592430188779513E-018  -1.1030402412711085E-017   77.043301907945462     
   2.1200000076902867E-013  -1.3687780254648894E-017   2.6558631365259889E-018  -1.1031917118122906E-017   76.945380321010006     
   2.1600000078353864E-013  -1.3682580217918300E-017   2.6525734305764874E-018  -1.1030006787341813E-017   76.850071315079902     
   2.2000000079804862E-013  -1.3674365935701309E-017   2.6495327794389761E-018  -1.1024833156262333E-017   76.761977898298895     
   2.2400000081255859E-013  -1.3663491665034499E-017   2.6468701789198515E-018  -1.1016621486114647E-017   76.684837323255948     
   2.2800000082706857E-013  -1.3650462929809745E-017   2.6446995132484942E-018  -1.1005763416561250E-017   76.621949031560760     
   2.3200000084157854E-013  -1.3635838671581230E-017   2.6431312654230789E-018  -1.0992707406158152E-017   76.576513924719364     
   2.3600000085608852E-013  -1.3620389325847752E-017   2.6422618345695799E-018  -1.0978127491278172E-017   76.551324867811559     
   2.4000000087059849E-013  -1.3604771328258656E-017   2.6421299498310252E-018  -1.0962641378427630E-017   76.547503917391694     
   2.4400000088510847E-013  -1.3589704914228664E-017   2.6426654689372900E-018  -1.0947039445291373E-017   76.563018919175477     
   2.4800000089961844E-013  -1.3575667837820750E-017   2.6436860652988442E-018  -1.0931981772521906E-017   76.592587526877438     
   2.5200000091412842E-013  -1.3562956709350785E-017   2.6449787202673188E-018  -1.0917977989083467E-017   76.630038187193932     
   2.5600000092863839E-013  -1.3551633643743260E-017   2.6464163846696131E-018  -1.0905217259073647E-017   76.671690045185827     
   2.6000000094314837E-013  -1.3541903654336605E-017   2.6479977659934477E-018  -1.0893905888343158E-017   76.717505654326800     
   2.6400000095765834E-013  -1.3533908457768906E-017   2.6497659423975400E-018  -1.0884142515371365E-017   76.768733070384656     
   2.6800000097216832E-013  -1.3527871225137210E-017   2.6516954378424725E-018  -1.0876175787294738E-017   76.824634204293304     
   2.7200000098667829E-013  -1.3523777593479368E-017   2.6536731705408097E-018  -1.0870104422938559E-017   76.881932862704559     
   2.7600000100118827E-013  -1.3521625946241723E-017   2.6555840281045087E-018  -1.0866041918137214E-017   76.937294021928466     
   2.8000000101569824E-013  -1.3521263325990337E-017   2.6573878769488336E-018  -1.0863875449041504E-017   76.989554936076985     
   2.8400000103020822E-013  -1.3522609422165127E-017   2.6590991789648962E-018  -1.0863510243200231E-017   77.039134593499497     
   2.8800000104471819E-013  -1.3525573860287368E-017   2.6607028620767127E-018  -1.0864870998210656E-017   77.085596327636338     
   2.9200000105922817E-013  -1.3529978621423695E-017   2.6621018319700396E-018  -1.0867876789453656E-017   77.126127132488151     
   2.9600000107373814E-013  -1.3535425197142777E-017   2.6631366179151883E-018  -1.0872288579227589E-017   77.156106839275481     
   3.0000000108824812E-013  -1.3541378664283473E-017   2.6636476345261555E-018  -1.0877731029757318E-017   77.170911957408435     
   3.0400000110275809E-013  -1.3547232043146690E-017   2.6635311532983895E-018  -1.0883700889848301E-017   77.167537275841653     
   3.0800000111726807E-013  -1.3552306297728122E-017   2.6627599133344495E-018  -1.0889546384393673E-017   77.145192994794940     
   3.1200000113177804E-013  -1.3555995258858076E-017   2.6613756948399638E-018  -1.0894619564018113E-017   77.105089565879211     
   3.1600000114628802E-013  -1.3557736361597728E-017   2.6594785267959649E-018  -1.0898257834801763E-017   77.050125017943472     
   3.2000000116079799E-013  -1.3557229007441091E-017   2.6572282515806474E-018  -1.0900000755860443E-017   76.984930287127625     
   3.2400000117530797E-013  -1.3554297091305741E-017   2.6548495365797803E-018  -1.0899447554725962E-017   76.916014412698786     
   3.2800000118981794E-013  -1.3549146403522933E-017   2.6526184203951034E-018  -1.0896527983127830E-017   76.851374755252095     
   3.3200000120432792E-013  -1.3542141936503587E-017   2.6508232272135613E-018  -1.0891318709290025E-017   76.799364612032093     
   3.3600000121883789E-013  -1.3534055729909311E-017   2.6497110867041434E-018  -1.0884344643205169E-017   76.767143797152485     
   3.4000000123334787E-013  -1.3525705223767188E-017   2.6494444614532295E-018  -1.0876260762313958E-017   76.759419159142112     
   3.4400000124785784E-013  -1.3517967984521691E-017   2.6500825509551851E-018  -1.0867885433566506E-017   76.777905819366268     
   3.4800000126236782E-013  -1.3511766759880808E-017   2.6515827555229116E-018  -1.0860184004357896E-017   76.821369584285293     
   3.5200000127687779E-013  -1.3507772920712468E-017   2.6538049121191818E-018  -1.0853968008593286E-017   76.885749665503070     
   3.5600000129138777E-013  -1.3506530404712143E-017   2.6564993747942689E-018  -1.0850031029917874E-017   76.963813347491794     
   3.6000000130589774E-013  -1.3508089348149449E-017   2.6592951549807882E-018  -1.0848794193168661E-017   77.044812389493273     
   3.6400000132040772E-013  -1.3512126468494030E-017   2.6617388070223605E-018  -1.0850387661471670E-017   77.115609612861093     
   3.6800000133491769E-013  -1.3517839833511862E-017   2.6634076548390366E-018  -1.0854432178672825E-017   77.163959291798236     
   3.7200000134942767E-013  -1.3524215929994842E-017   2.6640414943690631E-018  -1.0860174435625779E-017   77.182322822294083     
   3.7600000136393764E-013  -1.3530117978631343E-017   2.6636055739680037E-018  -1.0866512404663339E-017   77.169693383454444     
   3.8000000137844762E-013  -1.3534694870025472E-017   2.6622579728003835E-018  -1.0872436897225089E-017   77.130650827783001     
   3.8400000139295759E-013  -1.3537244573474373E-017   2.6602712282887758E-018  -1.0876973345185597E-017   77.073091080089711     
   3.8800000140746757E-013  -1.3537435605572716E-017   2.6579674976946681E-018  -1.0879468107878048E-017   77.006347645805434     
