   4.9999999800209860E-012   0.0000000000000000     
   9.9999999600419720E-012   0.0000000000000000     
   1.4999999940062958E-011   0.0000000000000000     
   1.9999999920083944E-011   0.0000000000000000     
   2.4999999900104930E-011   0.0000000000000000     
   2.9999999880125916E-011   0.0000000000000000     
   3.4999999860146902E-011   0.0000000000000000     
   3.9999999840167888E-011   0.0000000000000000     
   4.4999999820188874E-011   0.0000000000000000     
   4.9999999800209860E-011   0.0000000000000000     
   5.4999999780230846E-011   0.0000000000000000     
   5.9999999760251832E-011   0.0000000000000000     
   6.4999999740272818E-011   0.0000000000000000     
   6.9999999720293804E-011   0.0000000000000000     
   7.4999999700314790E-011   0.0000000000000000     
   7.9999999680335776E-011   0.0000000000000000     
   8.4999999660356762E-011   0.0000000000000000     
   8.9999999640377748E-011   0.0000000000000000     
   9.4999999620398734E-011   0.0000000000000000     
   9.9999999600419720E-011   0.0000000000000000     
   1.0499999958044071E-010   0.0000000000000000     
   1.0999999956046169E-010   0.0000000000000000     
   1.1499999954048268E-010   0.0000000000000000     
   1.1999999952050366E-010   0.0000000000000000     
   1.2499999950052465E-010   0.0000000000000000     
   1.2999999948054564E-010   0.0000000000000000     
   1.3499999946056662E-010   0.0000000000000000     
   1.3999999944058761E-010   0.0000000000000000     
   1.4499999942060859E-010   0.0000000000000000     
   1.4999999940062958E-010   0.0000000000000000     
   1.5499999938065057E-010   0.0000000000000000     
   1.5999999936067155E-010   0.0000000000000000     
   1.6499999934069254E-010   0.0000000000000000     
   1.6999999932071352E-010   0.0000000000000000     
   1.7499999930073451E-010   0.0000000000000000     
   1.7999999928075550E-010   0.0000000000000000     
   1.8499999926077648E-010   0.0000000000000000     
   1.8999999924079747E-010   0.0000000000000000     
   1.9499999922081845E-010   0.0000000000000000     
   1.9999999920083944E-010   0.0000000000000000     
   2.0499999918086043E-010   0.0000000000000000     
   2.0999999916088141E-010   0.0000000000000000     
   2.1499999914090240E-010   0.0000000000000000     
   2.1999999912092338E-010   0.0000000000000000     
   2.2499999910094437E-010   0.0000000000000000     
   2.2999999908096536E-010   0.0000000000000000     
   2.3499999906098634E-010   0.0000000000000000     
   2.3999999904100733E-010   0.0000000000000000     
   2.4499999902102831E-010   0.0000000000000000     
   2.4999999900104930E-010   0.0000000000000000     
   2.5499999898107029E-010   0.0000000000000000     
   2.5999999896109127E-010   0.0000000000000000     
   2.6499999894111226E-010   0.0000000000000000     
   2.6999999892113324E-010   0.0000000000000000     
   2.7499999890115423E-010   0.0000000000000000     
   2.7999999888117522E-010   0.0000000000000000     
   2.8499999886119620E-010   0.0000000000000000     
   2.8999999884121719E-010   0.0000000000000000     
   2.9499999882123817E-010   0.0000000000000000     
   2.9999999880125916E-010   0.0000000000000000     
   3.0499999878128015E-010   0.0000000000000000     
   3.0999999876130113E-010   0.0000000000000000     
   3.1499999874132212E-010   0.0000000000000000     
   3.1999999872134310E-010   0.0000000000000000     
   3.2499999870136409E-010   0.0000000000000000     
   3.2999999868138508E-010   0.0000000000000000     
   3.3499999866140606E-010   0.0000000000000000     
   3.3999999864142705E-010   0.0000000000000000     
   3.4499999862144803E-010   0.0000000000000000     
   3.4999999860146902E-010   0.0000000000000000     
   3.5499999858149001E-010   0.0000000000000000     
   3.5999999856151099E-010   0.0000000000000000     
   3.6499999854153198E-010   0.0000000000000000     
   3.6999999852155296E-010   0.0000000000000000     
   3.7499999850157395E-010   0.0000000000000000     
   3.7999999848159494E-010   0.0000000000000000     
   3.8499999846161592E-010   0.0000000000000000     
   3.8999999844163691E-010   0.0000000000000000     
   3.9499999842165789E-010   0.0000000000000000     
   3.9999999840167888E-010   0.0000000000000000     
   4.0499999838169987E-010   0.0000000000000000     
   4.0999999836172085E-010   0.0000000000000000     
   4.1499999834174184E-010   0.0000000000000000     
   4.1999999832176282E-010   0.0000000000000000     
   4.2499999830178381E-010   0.0000000000000000     
   4.2999999828180480E-010   0.0000000000000000     
   4.3499999826182578E-010   0.0000000000000000     
   4.3999999824184677E-010   0.0000000000000000     
   4.4499999822186775E-010   0.0000000000000000     
   4.4999999820188874E-010   0.0000000000000000     
   4.5499999818190973E-010   0.0000000000000000     
   4.5999999816193071E-010   0.0000000000000000     
   4.6499999814195170E-010   0.0000000000000000     
   4.6999999812197268E-010   0.0000000000000000     
   4.7499999810199367E-010   0.0000000000000000     
   4.7999999808201466E-010   0.0000000000000000     
   4.8499999806203564E-010   0.0000000000000000     
   4.8999999804205663E-010   0.0000000000000000     
   4.9499999802207761E-010   0.0000000000000000     
   4.9999999800209860E-010   0.0000000000000000     
   5.0499999798211959E-010   0.0000000000000000     
   5.0999999796214057E-010   0.0000000000000000     
   5.1499999794216156E-010   0.0000000000000000     
   5.1999999792218254E-010   0.0000000000000000     
   5.2499999790220353E-010   0.0000000000000000     
   5.2999999788222452E-010   0.0000000000000000     
   5.3499999786224550E-010   0.0000000000000000     
   5.3999999784226649E-010   0.0000000000000000     
   5.4499999782228747E-010   0.0000000000000000     
   5.4999999780230846E-010   0.0000000000000000     
   5.5499999778232945E-010   0.0000000000000000     
   5.5999999776235043E-010   0.0000000000000000     
   5.6499999774237142E-010   0.0000000000000000     
   5.6999999772239240E-010   0.0000000000000000     
   5.7499999770241339E-010   0.0000000000000000     
   5.7999999768243438E-010   0.0000000000000000     
   5.8499999766245536E-010   0.0000000000000000     
   5.8999999764247635E-010   0.0000000000000000     
   5.9499999762249733E-010   0.0000000000000000     
   5.9999999760251832E-010   0.0000000000000000     
   6.0499999758253931E-010   0.0000000000000000     
   6.0999999756256029E-010   0.0000000000000000     
   6.1499999754258128E-010   0.0000000000000000     
   6.1999999752260226E-010   0.0000000000000000     
   6.2499999750262325E-010   0.0000000000000000     
   6.2999999748264424E-010   0.0000000000000000     
   6.3499999746266522E-010   0.0000000000000000     
   6.3999999744268621E-010   0.0000000000000000     
   6.4499999742270719E-010   0.0000000000000000     
   6.4999999740272818E-010   0.0000000000000000     
   6.5499999738274917E-010   0.0000000000000000     
   6.5999999736277015E-010   0.0000000000000000     
   6.6499999734279114E-010   0.0000000000000000     
   6.6999999732281212E-010   0.0000000000000000     
   6.7499999730283311E-010   0.0000000000000000     
   6.7999999728285410E-010   0.0000000000000000     
   6.8499999726287508E-010   0.0000000000000000     
   6.8999999724289607E-010   0.0000000000000000     
   6.9499999722291705E-010   0.0000000000000000     
   6.9999999720293804E-010   0.0000000000000000     
   7.0499999718295903E-010   0.0000000000000000     
   7.0999999716298001E-010   0.0000000000000000     
   7.1499999714300100E-010   0.0000000000000000     
   7.1999999712302198E-010   0.0000000000000000     
   7.2499999710304297E-010   0.0000000000000000     
   7.2999999708306396E-010   0.0000000000000000     
   7.3499999706308494E-010   0.0000000000000000     
   7.3999999704310593E-010   0.0000000000000000     
   7.4499999702312691E-010   0.0000000000000000     
   7.4999999700314790E-010   0.0000000000000000     
   7.5499999698316889E-010   0.0000000000000000     
   7.5999999696318987E-010   0.0000000000000000     
   7.6499999694321086E-010   0.0000000000000000     
   7.6999999692323184E-010   0.0000000000000000     
   7.7499999690325283E-010   0.0000000000000000     
   7.7999999688327382E-010   0.0000000000000000     
   7.8499999686329480E-010   0.0000000000000000     
   7.8999999684331579E-010   0.0000000000000000     
   7.9499999682333677E-010   0.0000000000000000     
   7.9999999680335776E-010   0.0000000000000000     
   8.0499999678337875E-010   0.0000000000000000     
   8.0999999676339973E-010   0.0000000000000000     
   8.1499999674342072E-010   0.0000000000000000     
   8.1999999672344170E-010   0.0000000000000000     
   8.2499999670346269E-010   0.0000000000000000     
   8.2999999668348368E-010   0.0000000000000000     
   8.3499999666350466E-010   0.0000000000000000     
   8.3999999664352565E-010   0.0000000000000000     
   8.4499999662354663E-010   0.0000000000000000     
   8.4999999660356762E-010   0.0000000000000000     
   8.5499999658358861E-010   0.0000000000000000     
   8.5999999656360959E-010   0.0000000000000000     
   8.6499999654363058E-010   0.0000000000000000     
   8.6999999652365156E-010   0.0000000000000000     
   8.7499999650367255E-010   0.0000000000000000     
   8.7999999648369354E-010   0.0000000000000000     
   8.8499999646371452E-010   0.0000000000000000     
   8.8999999644373551E-010   0.0000000000000000     
   8.9499999642375649E-010   0.0000000000000000     
   8.9999999640377748E-010   0.0000000000000000     
   9.0499999638379847E-010   0.0000000000000000     
   9.0999999636381945E-010   0.0000000000000000     
   9.1499999634384044E-010   0.0000000000000000     
   9.1999999632386142E-010   0.0000000000000000     
   9.2499999630388241E-010   0.0000000000000000     
   9.2999999628390340E-010   0.0000000000000000     
   9.3499999626392438E-010   0.0000000000000000     
   9.3999999624394537E-010   0.0000000000000000     
   9.4499999622396635E-010   0.0000000000000000     
   9.4999999620398734E-010   0.0000000000000000     
   9.5499999618400833E-010   0.0000000000000000     
   9.5999999616402931E-010   0.0000000000000000     
   9.6499999614405030E-010   0.0000000000000000     
   9.6999999612407128E-010   0.0000000000000000     
   9.7499999610409227E-010   0.0000000000000000     
   9.7999999608411326E-010   0.0000000000000000     
   9.8499999606413424E-010   0.0000000000000000     
   9.8999999604415523E-010   0.0000000000000000     
   9.9499999602417621E-010   0.0000000000000000     
   9.9999999600419720E-010   0.0000000000000000     
   1.0049999959842182E-009   0.0000000000000000     
   1.0099999959642392E-009   0.0000000000000000     
   1.0149999959442602E-009   0.0000000000000000     
   1.0199999959242811E-009   0.0000000000000000     
   1.0249999959043021E-009   0.0000000000000000     
   1.0299999958843231E-009   0.0000000000000000     
   1.0349999958643441E-009   0.0000000000000000     
   1.0399999958443651E-009   0.0000000000000000     
   1.0449999958243861E-009   0.0000000000000000     
   1.0499999958044071E-009   0.0000000000000000     
   1.0549999957844280E-009   0.0000000000000000     
   1.0599999957644490E-009   0.0000000000000000     
   1.0649999957444700E-009   0.0000000000000000     
   1.0699999957244910E-009   0.0000000000000000     
   1.0749999957045120E-009   0.0000000000000000     
   1.0799999956845330E-009   0.0000000000000000     
   1.0849999956645540E-009   0.0000000000000000     
   1.0899999956445749E-009   0.0000000000000000     
   1.0949999956245959E-009   0.0000000000000000     
   1.0999999956046169E-009   0.0000000000000000     
   1.1049999955846379E-009   0.0000000000000000     
   1.1099999955646589E-009   0.0000000000000000     
   1.1149999955446799E-009   0.0000000000000000     
   1.1199999955247009E-009   0.0000000000000000     
   1.1249999955047219E-009   0.0000000000000000     
   1.1299999954847428E-009   0.0000000000000000     
   1.1349999954647638E-009   0.0000000000000000     
   1.1399999954447848E-009   0.0000000000000000     
   1.1449999954248058E-009   0.0000000000000000     
   1.1499999954048268E-009   0.0000000000000000     
   1.1549999953848478E-009   0.0000000000000000     
   1.1599999953648688E-009   0.0000000000000000     
   1.1649999953448897E-009   0.0000000000000000     
   1.1699999953249107E-009   0.0000000000000000     
   1.1749999953049317E-009   0.0000000000000000     
   1.1799999952849527E-009   0.0000000000000000     
   1.1849999952649737E-009   0.0000000000000000     
   1.1899999952449947E-009   0.0000000000000000     
   1.1949999952250157E-009   0.0000000000000000     
   1.1999999952050366E-009   0.0000000000000000     
   1.2049999951850576E-009   0.0000000000000000     
   1.2099999951650786E-009   0.0000000000000000     
   1.2149999951450996E-009   0.0000000000000000     
   1.2199999951251206E-009   0.0000000000000000     
   1.2249999951051416E-009   0.0000000000000000     
   1.2299999950851626E-009   0.0000000000000000     
   1.2349999950651835E-009   0.0000000000000000     
   1.2399999950452045E-009   0.0000000000000000     
   1.2449999950252255E-009   0.0000000000000000     
   1.2499999950052465E-009   0.0000000000000000     
   1.2549999949852675E-009   0.0000000000000000     
   1.2599999949652885E-009   0.0000000000000000     
   1.2649999949453095E-009   0.0000000000000000     
   1.2699999949253304E-009   0.0000000000000000     
   1.2749999949053514E-009   0.0000000000000000     
   1.2799999948853724E-009   0.0000000000000000     
   1.2849999948653934E-009   0.0000000000000000     
   1.2899999948454144E-009   0.0000000000000000     
   1.2949999948254354E-009   0.0000000000000000     
   1.2999999948054564E-009   0.0000000000000000     
   1.3049999947854773E-009   0.0000000000000000     
   1.3099999947654983E-009   0.0000000000000000     
   1.3149999947455193E-009   0.0000000000000000     
   1.3199999947255403E-009   0.0000000000000000     
   1.3249999947055613E-009   0.0000000000000000     
   1.3299999946855823E-009   0.0000000000000000     
   1.3349999946656033E-009   0.0000000000000000     
   1.3399999946456242E-009   0.0000000000000000     
   1.3449999946256452E-009   0.0000000000000000     
   1.3499999946056662E-009   0.0000000000000000     
   1.3549999945856872E-009   0.0000000000000000     
   1.3599999945657082E-009   0.0000000000000000     
   1.3649999945457292E-009   0.0000000000000000     
   1.3699999945257502E-009   0.0000000000000000     
   1.3749999945057712E-009   0.0000000000000000     
   1.3799999944857921E-009   0.0000000000000000     
   1.3849999944658131E-009   0.0000000000000000     
   1.3899999944458341E-009   0.0000000000000000     
   1.3949999944258551E-009   0.0000000000000000     
   1.3999999944058761E-009   0.0000000000000000     
   1.4049999943858971E-009   0.0000000000000000     
   1.4099999943659181E-009   0.0000000000000000     
   1.4149999943459390E-009   0.0000000000000000     
   1.4199999943259600E-009   0.0000000000000000     
   1.4249999943059810E-009   0.0000000000000000     
   1.4299999942860020E-009   0.0000000000000000     
   1.4349999942660230E-009   0.0000000000000000     
   1.4399999942460440E-009   0.0000000000000000     
   1.4449999942260650E-009   0.0000000000000000     
   1.4499999942060859E-009   0.0000000000000000     
   1.4549999941861069E-009   0.0000000000000000     
   1.4599999941661279E-009   0.0000000000000000     
   1.4649999941461489E-009   0.0000000000000000     
   1.4699999941261699E-009   0.0000000000000000     
   1.4749999941061909E-009   0.0000000000000000     
   1.4799999940862119E-009   0.0000000000000000     
   1.4849999940662328E-009   0.0000000000000000     
   1.4899999940462538E-009   0.0000000000000000     
   1.4949999940262748E-009   0.0000000000000000     
   1.4999999940062958E-009   0.0000000000000000     
   1.5049999939863168E-009   0.0000000000000000     
   1.5099999939663378E-009   0.0000000000000000     
   1.5149999939463588E-009   0.0000000000000000     
   1.5199999939263797E-009   0.0000000000000000     
   1.5249999939064007E-009   0.0000000000000000     
   1.5299999938864217E-009   0.0000000000000000     
   1.5349999938664427E-009   0.0000000000000000     
   1.5399999938464637E-009   0.0000000000000000     
   1.5449999938264847E-009   0.0000000000000000     
   1.5499999938065057E-009   0.0000000000000000     
   1.5549999937865266E-009   0.0000000000000000     
   1.5599999937665476E-009   0.0000000000000000     
   1.5649999937465686E-009   0.0000000000000000     
   1.5699999937265896E-009   0.0000000000000000     
   1.5749999937066106E-009   0.0000000000000000     
   1.5799999936866316E-009   0.0000000000000000     
   1.5849999936666526E-009   0.0000000000000000     
   1.5899999936466735E-009   0.0000000000000000     
   1.5949999936266945E-009   0.0000000000000000     
   1.5999999936067155E-009   0.0000000000000000     
   1.6049999935867365E-009   0.0000000000000000     
   1.6099999935667575E-009   0.0000000000000000     
   1.6149999935467785E-009   0.0000000000000000     
   1.6199999935267995E-009   0.0000000000000000     
   1.6249999935068205E-009   0.0000000000000000     
   1.6299999934868414E-009   0.0000000000000000     
   1.6349999934668624E-009   0.0000000000000000     
   1.6399999934468834E-009   0.0000000000000000     
   1.6449999934269044E-009   0.0000000000000000     
   1.6499999934069254E-009   0.0000000000000000     
   1.6549999933869464E-009   0.0000000000000000     
   1.6599999933669674E-009   0.0000000000000000     
   1.6649999933469883E-009   0.0000000000000000     
   1.6699999933270093E-009   0.0000000000000000     
   1.6749999933070303E-009   0.0000000000000000     
   1.6799999932870513E-009   0.0000000000000000     
   1.6849999932670723E-009   0.0000000000000000     
   1.6899999932470933E-009   0.0000000000000000     
   1.6949999932271143E-009   0.0000000000000000     
   1.6999999932071352E-009   0.0000000000000000     
   1.7049999931871562E-009   0.0000000000000000     
   1.7099999931671772E-009   0.0000000000000000     
   1.7149999931471982E-009   0.0000000000000000     
   1.7199999931272192E-009   0.0000000000000000     
   1.7249999931072402E-009   0.0000000000000000     
   1.7299999930872612E-009   0.0000000000000000     
   1.7349999930672821E-009   0.0000000000000000     
   1.7399999930473031E-009   0.0000000000000000     
   1.7449999930273241E-009   0.0000000000000000     
   1.7499999930073451E-009   0.0000000000000000     
   1.7549999929873661E-009   0.0000000000000000     
   1.7599999929673871E-009   0.0000000000000000     
   1.7649999929474081E-009   0.0000000000000000     
   1.7699999929274290E-009   0.0000000000000000     
   1.7749999929074500E-009   0.0000000000000000     
   1.7799999928874710E-009   0.0000000000000000     
   1.7849999928674920E-009   0.0000000000000000     
   1.7899999928475130E-009   0.0000000000000000     
   1.7949999928275340E-009   0.0000000000000000     
   1.7999999928075550E-009   0.0000000000000000     
   1.8049999927875759E-009   0.0000000000000000     
   1.8099999927675969E-009   0.0000000000000000     
   1.8149999927476179E-009   0.0000000000000000     
   1.8199999927276389E-009   0.0000000000000000     
   1.8249999927076599E-009   0.0000000000000000     
   1.8299999926876809E-009   0.0000000000000000     
   1.8349999926677019E-009   0.0000000000000000     
   1.8399999926477228E-009   0.0000000000000000     
   1.8449999926277438E-009   0.0000000000000000     
   1.8499999926077648E-009   0.0000000000000000     
   1.8549999925877858E-009   0.0000000000000000     
   1.8599999925678068E-009   0.0000000000000000     
   1.8649999925478278E-009   0.0000000000000000     
   1.8699999925278488E-009   0.0000000000000000     
   1.8749999925078698E-009   0.0000000000000000     
   1.8799999924878907E-009   0.0000000000000000     
   1.8849999924679117E-009   0.0000000000000000     
   1.8899999924479327E-009   0.0000000000000000     
   1.8949999924279537E-009   0.0000000000000000     
   1.8999999924079747E-009   0.0000000000000000     
   1.9049999923879957E-009   0.0000000000000000     
   1.9099999923680167E-009   0.0000000000000000     
   1.9149999923480376E-009   0.0000000000000000     
   1.9199999923280586E-009   0.0000000000000000     
   1.9249999923080796E-009   0.0000000000000000     
   1.9299999922881006E-009   0.0000000000000000     
   1.9349999922681216E-009   0.0000000000000000     
   1.9399999922481426E-009   0.0000000000000000     
   1.9449999922281636E-009   0.0000000000000000     
   1.9499999922081845E-009   0.0000000000000000     
   1.9549999921882055E-009   0.0000000000000000     
   1.9599999921682265E-009   0.0000000000000000     
   1.9649999921482475E-009   0.0000000000000000     
   1.9699999921282685E-009   0.0000000000000000     
   1.9749999921082895E-009   0.0000000000000000     
   1.9799999920883105E-009   0.0000000000000000     
   1.9849999920683314E-009   0.0000000000000000     
   1.9899999920483524E-009   0.0000000000000000     
   1.9949999920283734E-009   0.0000000000000000     
   1.9999999920083944E-009   0.0000000000000000     
   2.0049999919884154E-009   0.0000000000000000     
   2.0099999919684364E-009   0.0000000000000000     
   2.0149999919484574E-009   0.0000000000000000     
   2.0199999919284783E-009   0.0000000000000000     
   2.0249999919084993E-009   0.0000000000000000     
   2.0299999918885203E-009   0.0000000000000000     
   2.0349999918685413E-009   0.0000000000000000     
   2.0399999918485623E-009   0.0000000000000000     
   2.0449999918285833E-009   0.0000000000000000     
   2.0499999918086043E-009   0.0000000000000000     
   2.0549999917886252E-009   0.0000000000000000     
   2.0599999917686462E-009   0.0000000000000000     
   2.0649999917486672E-009   0.0000000000000000     
   2.0699999917286882E-009   0.0000000000000000     
   2.0749999917087092E-009   0.0000000000000000     
   2.0799999916887302E-009   0.0000000000000000     
   2.0849999916687512E-009   0.0000000000000000     
   2.0899999916487721E-009   0.0000000000000000     
   2.0949999916287931E-009   0.0000000000000000     
   2.0999999916088141E-009   0.0000000000000000     
   2.1049999915888351E-009   0.0000000000000000     
   2.1099999915688561E-009   0.0000000000000000     
   2.1149999915488771E-009   0.0000000000000000     
   2.1199999915288981E-009   0.0000000000000000     
   2.1249999915089191E-009   0.0000000000000000     
   2.1299999914889400E-009   0.0000000000000000     
   2.1349999914689610E-009   0.0000000000000000     
   2.1399999914489820E-009   0.0000000000000000     
   2.1449999914290030E-009   0.0000000000000000     
   2.1499999914090240E-009   0.0000000000000000     
   2.1549999913890450E-009   0.0000000000000000     
   2.1599999913690660E-009   0.0000000000000000     
   2.1649999913490869E-009   0.0000000000000000     
   2.1699999913291079E-009   0.0000000000000000     
   2.1749999913091289E-009   0.0000000000000000     
   2.1799999912891499E-009   0.0000000000000000     
   2.1849999912691709E-009   0.0000000000000000     
   2.1899999912491919E-009   0.0000000000000000     
   2.1949999912292129E-009   0.0000000000000000     
   2.1999999912092338E-009   0.0000000000000000     
   2.2049999911892548E-009   0.0000000000000000     
   2.2099999911692758E-009   0.0000000000000000     
   2.2149999911492968E-009   0.0000000000000000     
   2.2199999911293178E-009   0.0000000000000000     
   2.2249999911093388E-009   0.0000000000000000     
   2.2299999910893598E-009   0.0000000000000000     
   2.2349999910693807E-009   0.0000000000000000     
   2.2399999910494017E-009   0.0000000000000000     
   2.2449999910294227E-009   0.0000000000000000     
   2.2499999910094437E-009   0.0000000000000000     
   2.2549999909894647E-009   0.0000000000000000     
   2.2599999909694857E-009   0.0000000000000000     
   2.2649999909495067E-009   0.0000000000000000     
   2.2699999909295276E-009   0.0000000000000000     
   2.2749999909095486E-009   0.0000000000000000     
   2.2799999908895696E-009   0.0000000000000000     
   2.2849999908695906E-009   0.0000000000000000     
   2.2899999908496116E-009   0.0000000000000000     
   2.2949999908296326E-009   0.0000000000000000     
   2.2999999908096536E-009   0.0000000000000000     
   2.3049999907896745E-009   0.0000000000000000     
   2.3099999907696955E-009   0.0000000000000000     
   2.3149999907497165E-009   0.0000000000000000     
   2.3199999907297375E-009   0.0000000000000000     
   2.3249999907097585E-009   0.0000000000000000     
   2.3299999906897795E-009   0.0000000000000000     
   2.3349999906698005E-009   0.0000000000000000     
   2.3399999906498214E-009   0.0000000000000000     
   2.3449999906298424E-009   0.0000000000000000     
   2.3499999906098634E-009   0.0000000000000000     
   2.3549999905898844E-009   0.0000000000000000     
   2.3599999905699054E-009   0.0000000000000000     
   2.3649999905499264E-009   0.0000000000000000     
   2.3699999905299474E-009   0.0000000000000000     
   2.3749999905099684E-009   0.0000000000000000     
   2.3799999904899893E-009   0.0000000000000000     
   2.3849999904700103E-009   0.0000000000000000     
   2.3899999904500313E-009   0.0000000000000000     
   2.3949999904300523E-009   0.0000000000000000     
   2.3999999904100733E-009   0.0000000000000000     
   2.4049999903900943E-009   0.0000000000000000     
   2.4099999903701153E-009   0.0000000000000000     
   2.4149999903501362E-009   0.0000000000000000     
   2.4199999903301572E-009   0.0000000000000000     
   2.4249999903101782E-009   0.0000000000000000     
   2.4299999902901992E-009   0.0000000000000000     
   2.4349999902702202E-009   0.0000000000000000     
   2.4399999902502412E-009   0.0000000000000000     
   2.4449999902302622E-009   0.0000000000000000     
   2.4499999902102831E-009   0.0000000000000000     
   2.4549999901903041E-009   0.0000000000000000     
   2.4599999901703251E-009   0.0000000000000000     
   2.4649999901503461E-009   0.0000000000000000     
   2.4699999901303671E-009   0.0000000000000000     
   2.4749999901103881E-009   0.0000000000000000     
   2.4799999900904091E-009   0.0000000000000000     
   2.4849999900704300E-009   0.0000000000000000     
   2.4899999900504510E-009   0.0000000000000000     
   2.4949999900304720E-009   0.0000000000000000     
   2.4999999900104930E-009   0.0000000000000000     
