  2.25900883984962262E-022   0.0000000000000000     
  9.03603535939849049E-022   0.0000000000000000     
  2.03310795586466060E-021   0.0000000000000000     
  3.61441414375939620E-021   0.0000000000000000     
  5.64752209962405604E-021   0.0000000000000000     
  8.13243182345864238E-021   0.0000000000000000     
  1.10691433152631530E-020   0.0000000000000000     
  1.44576565750375848E-020   0.0000000000000000     
  1.82979716027819439E-020   0.0000000000000000     
  2.25900883984962242E-020   0.0000000000000000     
  2.73340069621804377E-020   0.0000000000000000     
  3.25297272938345695E-020   0.0000000000000000     
  3.81772493934586256E-020   0.0000000000000000     
  4.42765732610526119E-020   0.0000000000000000     
  5.08276988966165164E-020   0.0000000000000000     
  5.78306263001503391E-020   0.0000000000000000     
  6.52853554716541042E-020   0.0000000000000000     
  7.31918864111277754E-020   0.0000000000000000     
  8.15502191185713889E-020   0.0000000000000000     
  9.03603535939848966E-020   0.0000000000000000     
  9.96222898373683586E-020   0.0000000000000000     
  1.09336027848721751E-019   0.0000000000000000     
  1.19501567628045037E-019   0.0000000000000000     
  1.30118909175338278E-019   0.0000000000000000     
  1.41188052490601449E-019   0.0000000000000000     
  1.52708997573834502E-019   0.0000000000000000     
  1.64681744425037510E-019   0.0000000000000000     
  1.77106293044210447E-019   0.0000000000000000     
  1.89982643431353267E-019   0.0000000000000000     
  2.03310795586466066E-019   0.0000000000000000     
  2.17090749509548722E-019   0.0000000000000000     
  2.31322505200601357E-019   0.0000000000000000     
  2.46006062659623921E-019   0.0000000000000000     
  2.61141421886616417E-019   0.0000000000000000     
  2.76728582881578746E-019   0.0000000000000000     
  2.92767545644511102E-019   0.0000000000000000     
  3.09258310175413339E-019   0.0000000000000000     
  3.26200876474285556E-019   0.0000000000000000     
  3.43595244541127654E-019   0.0000000000000000     
  3.61441414375939586E-019   0.0000000000000000     
  3.79739385978721545E-019   0.0000000000000000     
  3.98489159349473435E-019   0.0000000000000000     
  4.17690734488195254E-019   0.0000000000000000     
  4.37344111394887004E-019   0.0000000000000000     
  4.57449290069548635E-019   0.0000000000000000     
  4.78006270512180149E-019   0.0000000000000000     
  4.99015052722781642E-019   0.0000000000000000     
  5.20475636701353112E-019   0.0000000000000000     
  5.42388022447894465E-019   0.0000000000000000     
  5.64752209962405796E-019   0.0000000000000000     
  5.87568199244886817E-019   0.0000000000000000     
  6.10835990295338009E-019   0.0000000000000000     
  6.34555583113759083E-019   0.0000000000000000     
  6.58726977700150039E-019   0.0000000000000000     
  6.83350174054510973E-019   0.0000000000000000     
  7.08425172176841790E-019   0.0000000000000000     
  7.33951972067142392E-019   0.0000000000000000     
  7.59930573725413069E-019   0.0000000000000000     
  7.86360977151653725E-019   0.0000000000000000     
  8.13243182345864262E-019   0.0000000000000000     
  8.40577189308044682E-019   0.0000000000000000     
  8.68362998038194887E-019   0.0000000000000000     
  8.96600608536315360E-019   0.0000000000000000     
  9.25290020802405426E-019   0.0000000000000000     
  9.54431234836465470E-019   0.0000000000000000     
  9.84024250638495686E-019   0.0000000000000000     
  1.01406906820849549E-018   0.0000000000000000     
  1.04456568754646567E-018   0.0000000000000000     
  1.07551410865240543E-018   0.0000000000000000     
  1.10691433152631498E-018   0.0000000000000000     
  1.13876635616819490E-018   0.0000000000000000     
  1.17107018257804441E-018   0.0000000000000000     
  1.20382581075586409E-018   0.0000000000000000     
  1.23703324070165336E-018   0.0000000000000000     
  1.27069247241541261E-018   0.0000000000000000     
  1.30480350589714222E-018   0.0000000000000000     
  1.33936634114684124E-018   0.0000000000000000     
  1.37438097816451062E-018   0.0000000000000000     
  1.40984741695014959E-018   0.0000000000000000     
  1.44576565750375835E-018   0.0000000000000000     
  1.48213569982533766E-018   0.0000000000000000     
  1.51895754391488618E-018   0.0000000000000000     
  1.55623118977240526E-018   0.0000000000000000     
  1.59395663739789374E-018   0.0000000000000000     
  1.63213388679135277E-018   0.0000000000000000     
  1.67076293795278102E-018   0.0000000000000000     
  1.70984379088217924E-018   0.0000000000000000     
  1.74937644557954801E-018   0.0000000000000000     
  1.78936090204488619E-018   0.0000000000000000     
  1.82979716027819454E-018   0.0000000000000000     
  1.87068522027947268E-018   0.0000000000000000     
  1.91202508204872060E-018   0.0000000000000000     
  1.95381674558593907E-018   0.0000000000000000     
  1.99606021089112657E-018   0.0000000000000000     
  2.03875547796428500E-018   0.0000000000000000     
  2.08190254680541245E-018   0.0000000000000000     
  2.12550141741450968E-018   0.0000000000000000     
  2.16955208979157786E-018   0.0000000000000000     
  2.21405456393661505E-018   0.0000000000000000     
  2.25900883984962319E-018   0.0000000000000000     
