  4.99999998002098600E-012   0.0000000000000000     
  9.99999996004197200E-012   0.0000000000000000     
  1.49999999400629580E-011   0.0000000000000000     
  1.99999999200839440E-011   0.0000000000000000     
  2.49999999001049300E-011   0.0000000000000000     
  2.99999998801259160E-011   0.0000000000000000     
  3.49999998601469020E-011   0.0000000000000000     
  3.99999998401678880E-011   0.0000000000000000     
  4.49999998201888740E-011   0.0000000000000000     
  4.99999998002098600E-011   0.0000000000000000     
  5.49999997802308460E-011   0.0000000000000000     
  5.99999997602518320E-011   0.0000000000000000     
  6.49999997402728180E-011   0.0000000000000000     
  6.99999997202938040E-011   0.0000000000000000     
  7.49999997003147900E-011   0.0000000000000000     
  7.99999996803357760E-011   0.0000000000000000     
  8.49999996603567620E-011   0.0000000000000000     
  8.99999996403777480E-011   0.0000000000000000     
  9.49999996203987340E-011   0.0000000000000000     
  9.99999996004197200E-011   0.0000000000000000     
  1.04999999580440706E-010   0.0000000000000000     
  1.09999999560461692E-010   0.0000000000000000     
  1.14999999540482678E-010   0.0000000000000000     
  1.19999999520503664E-010   0.0000000000000000     
  1.24999999500524650E-010   0.0000000000000000     
  1.29999999480545636E-010   0.0000000000000000     
  1.34999999460566622E-010   0.0000000000000000     
  1.39999999440587608E-010   0.0000000000000000     
  1.44999999420608594E-010   0.0000000000000000     
  1.49999999400629580E-010   0.0000000000000000     
  1.54999999380650566E-010   0.0000000000000000     
  1.59999999360671552E-010   0.0000000000000000     
  1.64999999340692538E-010   0.0000000000000000     
  1.69999999320713524E-010   0.0000000000000000     
  1.74999999300734510E-010   0.0000000000000000     
  1.79999999280755496E-010   0.0000000000000000     
  1.84999999260776482E-010   0.0000000000000000     
  1.89999999240797468E-010   0.0000000000000000     
  1.94999999220818454E-010   0.0000000000000000     
  1.99999999200839440E-010   0.0000000000000000     
  2.04999999180860426E-010   0.0000000000000000     
  2.09999999160881412E-010   0.0000000000000000     
  2.14999999140902398E-010   0.0000000000000000     
  2.19999999120923384E-010   0.0000000000000000     
  2.24999999100944370E-010   0.0000000000000000     
  2.29999999080965356E-010   0.0000000000000000     
  2.34999999060986342E-010   0.0000000000000000     
  2.39999999041007328E-010   0.0000000000000000     
  2.44999999021028314E-010   0.0000000000000000     
  2.49999999001049300E-010   0.0000000000000000     
  2.54999998981070286E-010   0.0000000000000000     
  2.59999998961091272E-010   50.000000000000000     
  2.64999998941112258E-010   1098.0000000000000     
  2.69999998921133244E-010   10742.000000000000     
  2.74999998901154230E-010   63644.000000000000     
  2.79999998881175216E-010   248678.00000000000     
  2.84999998861196202E-010   690038.00000000000     
  2.89999998841217188E-010   1507810.0000000000     
  2.94999998821238174E-010   2704236.0000000000     
  2.99999998801259160E-010   4169926.0000000000     
  3.04999998781280146E-010   5741926.0000000000     
  3.09999998761301132E-010   7265760.0000000000     
  3.14999998741322118E-010   8590672.0000000000     
  3.19999998721343104E-010   9668072.0000000000     
  3.24999998701364090E-010   10488566.000000000     
  3.29999998681385076E-010   11063974.000000000     
  3.34999998661406062E-010   11439306.000000000     
  3.39999998641427048E-010   11664780.000000000     
  3.44999998621448034E-010   11775842.000000000     
  3.49999998601469020E-010   11816780.000000000     
  3.54999998581490006E-010   11812240.000000000     
  3.59999998561510992E-010   11781454.000000000     
  3.64999998541531978E-010   11766484.000000000     
  3.69999998521552964E-010   11755816.000000000     
  3.74999998501573950E-010   11779058.000000000     
  3.79999998481594936E-010   11849122.000000000     
  3.84999998461615922E-010   11926440.000000000     
  3.89999998441636908E-010   12079530.000000000     
  3.94999998421657894E-010   12268666.000000000     
  3.99999998401678880E-010   12480218.000000000     
  4.04999998381699866E-010   12713834.000000000     
  4.09999998361720852E-010   12911306.000000000     
  4.14999998341741838E-010   13074420.000000000     
  4.19999998321762824E-010   13132280.000000000     
  4.24999998301783810E-010   13088894.000000000     
  4.29999998281804796E-010   12951804.000000000     
  4.34999998261825782E-010   12724706.000000000     
  4.39999998241846768E-010   12445764.000000000     
  4.44999998221867754E-010   12135026.000000000     
  4.49999998201888740E-010   11816372.000000000     
  4.54999998181909726E-010   11500318.000000000     
  4.59999998161930712E-010   11204006.000000000     
  4.64999998141951698E-010   10932790.000000000     
  4.69999998121972684E-010   10697012.000000000     
  4.74999998101993670E-010   10495786.000000000     
  4.79999998082014656E-010   10346850.000000000     
  4.84999998062035642E-010   10235576.000000000     
  4.89999998042056628E-010   10161196.000000000     
  4.94999998022077614E-010   10141380.000000000     
  4.99999998002098600E-010   10149058.000000000     
  5.04999997982119586E-010   10217286.000000000     
  5.09999997962140572E-010   10315908.000000000     
  5.14999997942161558E-010   10468126.000000000     
  5.19999997922182544E-010   10647310.000000000     
  5.24999997902203530E-010   10887144.000000000     
  5.29999997882224516E-010   11161078.000000000     
  5.34999997862245502E-010   11485420.000000000     
  5.39999997842266488E-010   11851548.000000000     
  5.44999997822287474E-010   12265016.000000000     
  5.49999997802308460E-010   12736124.000000000     
  5.54999997782329446E-010   13250670.000000000     
  5.59999997762350432E-010   13810486.000000000     
  5.64999997742371418E-010   14421354.000000000     
  5.69999997722392404E-010   15077626.000000000     
  5.74999997702413390E-010   15756028.000000000     
  5.79999997682434376E-010   16482718.000000000     
  5.84999997662455362E-010   17257180.000000000     
  5.89999997642476348E-010   18031972.000000000     
  5.94999997622497334E-010   18845638.000000000     
  5.99999997602518320E-010   19663878.000000000     
  6.04999997582539306E-010   20499180.000000000     
  6.09999997562560292E-010   21333548.000000000     
  6.14999997542581278E-010   22170460.000000000     
  6.19999997522602264E-010   22967624.000000000     
  6.24999997502623250E-010   23775830.000000000     
  6.29999997482644236E-010   24573058.000000000     
  6.34999997462665222E-010   25309948.000000000     
  6.39999997442686208E-010   26038082.000000000     
  6.44999997422707194E-010   26691924.000000000     
  6.49999997402728180E-010   27348138.000000000     
  6.54999997382749166E-010   27924488.000000000     
  6.59999997362770152E-010   28490214.000000000     
  6.64999997342791138E-010   29024058.000000000     
  6.69999997322812124E-010   29495376.000000000     
  6.74999997302833110E-010   29941216.000000000     
  6.79999997282854096E-010   30339904.000000000     
  6.84999997262875082E-010   30715002.000000000     
  6.89999997242896068E-010   31033218.000000000     
  6.94999997222917054E-010   31356618.000000000     
  6.99999997202938040E-010   31653956.000000000     
  7.04999997182959026E-010   31881462.000000000     
  7.09999997162980012E-010   32113474.000000000     
  7.14999997143000998E-010   32311656.000000000     
  7.19999997123021984E-010   32481094.000000000     
  7.24999997103042970E-010   32600268.000000000     
  7.29999997083063956E-010   32716706.000000000     
  7.34999997063084942E-010   32828778.000000000     
  7.39999997043105928E-010   32891772.000000000     
  7.44999997023126914E-010   32941942.000000000     
  7.49999997003147900E-010   32983280.000000000     
  7.54999996983168886E-010   33000714.000000000     
  7.59999996963189872E-010   33029884.000000000     
  7.64999996943210858E-010   33069758.000000000     
  7.69999996923231844E-010   33088384.000000000     
  7.74999996903252830E-010   33123646.000000000     
  7.79999996883273816E-010   33159714.000000000     
  7.84999996863294802E-010   33241040.000000000     
  7.89999996843315788E-010   33307552.000000000     
  7.94999996823336774E-010   33434064.000000000     
  7.99999996803357760E-010   33572404.000000000     
  8.04999996783378746E-010   33734218.000000000     
  8.09999996763399732E-010   33939154.000000000     
  8.14999996743420718E-010   34176322.000000000     
  8.19999996723441704E-010   34476004.000000000     
  8.24999996703462690E-010   34803150.000000000     
  8.29999996683483676E-010   35159210.000000000     
  8.34999996663504662E-010   35585260.000000000     
  8.39999996643525648E-010   36044448.000000000     
  8.44999996623546634E-010   36539452.000000000     
  8.49999996603567620E-010   37115280.000000000     
  8.54999996583588606E-010   37709876.000000000     
  8.59999996563609592E-010   38329662.000000000     
  8.64999996543630578E-010   39000118.000000000     
  8.69999996523651564E-010   39720500.000000000     
  8.74999996503672550E-010   40485088.000000000     
  8.79999996483693536E-010   41274498.000000000     
  8.84999996463714522E-010   42089248.000000000     
  8.89999996443735508E-010   42917482.000000000     
  8.94999996423756494E-010   43777068.000000000     
  8.99999996403777480E-010   44651070.000000000     
  9.04999996383798466E-010   45514764.000000000     
  9.09999996363819452E-010   46431558.000000000     
  9.14999996343840438E-010   47306900.000000000     
  9.19999996323861424E-010   48195690.000000000     
  9.24999996303882410E-010   49081430.000000000     
  9.29999996283903396E-010   49956680.000000000     
  9.34999996263924382E-010   50819912.000000000     
  9.39999996243945368E-010   51654400.000000000     
  9.44999996223966354E-010   52470032.000000000     
  9.49999996203987340E-010   53282238.000000000     
  9.54999996184008326E-010   54058000.000000000     
  9.59999996164029312E-010   54808270.000000000     
  9.64999996144050298E-010   55528540.000000000     
  9.69999996124071284E-010   56239558.000000000     
  9.74999996104092270E-010   56890422.000000000     
  9.79999996084113256E-010   57547338.000000000     
  9.84999996064134242E-010   58157118.000000000     
  9.89999996044155228E-010   58708434.000000000     
  9.94999996024176214E-010   59275368.000000000     
  9.99999996004197200E-010   59786230.000000000     
  1.00499999598421819E-009   60296650.000000000     
  1.00999999596423917E-009   60774880.000000000     
  1.01499999594426016E-009   61231416.000000000     
  1.01999999592428114E-009   61620724.000000000     
  1.02499999590430213E-009   62032802.000000000     
  1.02999999588432312E-009   62430580.000000000     
  1.03499999586434410E-009   62784042.000000000     
  1.03999999584436509E-009   63141498.000000000     
  1.04499999582438607E-009   63474122.000000000     
  1.04999999580440706E-009   63828390.000000000     
  1.05499999578442805E-009   64115466.000000000     
  1.05999999576444903E-009   64449872.000000000     
  1.06499999574447002E-009   64770760.000000000     
  1.06999999572449100E-009   65076834.000000000     
  1.07499999570451199E-009   65393042.000000000     
  1.07999999568453298E-009   65722186.000000000     
  1.08499999566455396E-009   66023000.000000000     
  1.08999999564457495E-009   66396062.000000000     
  1.09499999562459593E-009   66767082.000000000     
  1.09999999560461692E-009   67135588.000000000     
  1.10499999558463791E-009   67551354.000000000     
  1.10999999556465889E-009   67945946.000000000     
  1.11499999554467988E-009   68414462.000000000     
  1.11999999552470086E-009   68869350.000000000     
  1.12499999550472185E-009   69395184.000000000     
  1.12999999548474284E-009   69933096.000000000     
  1.13499999546476382E-009   70479438.000000000     
  1.13999999544478481E-009   71057318.000000000     
  1.14499999542480579E-009   71670368.000000000     
  1.14999999540482678E-009   72321538.000000000     
  1.15499999538484777E-009   73005242.000000000     
  1.15999999536486875E-009   73726252.000000000     
  1.16499999534488974E-009   74461196.000000000     
  1.16999999532491072E-009   75228222.000000000     
  1.17499999530493171E-009   75990024.000000000     
  1.17999999528495270E-009   76862604.000000000     
  1.18499999526497368E-009   77706708.000000000     
  1.18999999524499467E-009   78593700.000000000     
  1.19499999522501565E-009   79445696.000000000     
  1.19999999520503664E-009   80378444.000000000     
  1.20499999518505763E-009   81284592.000000000     
  1.20999999516507861E-009   82198092.000000000     
  1.21499999514509960E-009   83137054.000000000     
  1.21999999512512058E-009   84083204.000000000     
  1.22499999510514157E-009   85004344.000000000     
  1.22999999508516256E-009   85967322.000000000     
  1.23499999506518354E-009   86901272.000000000     
  1.23999999504520453E-009   87876614.000000000     
  1.24499999502522551E-009   88791194.000000000     
  1.24999999500524650E-009   89713908.000000000     
  1.25499999498526749E-009   90626818.000000000     
  1.25999999496528847E-009   91514302.000000000     
  1.26499999494530946E-009   92420182.000000000     
  1.26999999492533044E-009   93287682.000000000     
  1.27499999490535143E-009   94126088.000000000     
  1.27999999488537242E-009   94943720.000000000     
  1.28499999486539340E-009   95762412.000000000     
  1.28999999484541439E-009   96536772.000000000     
  1.29499999482543537E-009   97292412.000000000     
  1.29999999480545636E-009   98051996.000000000     
  1.30499999478547735E-009   98779444.000000000     
  1.30999999476549833E-009   99502894.000000000     
  1.31499999474551932E-009   100187946.00000000     
  1.31999999472554030E-009   100876096.00000000     
  1.32499999470556129E-009   101509576.00000000     
  1.32999999468558228E-009   102147348.00000000     
  1.33499999466560326E-009   102784842.00000000     
  1.33999999464562425E-009   103418324.00000000     
  1.34499999462564523E-009   104011536.00000000     
  1.34999999460566622E-009   104592116.00000000     
  1.35499999458568721E-009   105208648.00000000     
  1.35999999456570819E-009   105813160.00000000     
  1.36499999454572918E-009   106396126.00000000     
  1.36999999452575016E-009   106964934.00000000     
  1.37499999450577115E-009   107543118.00000000     
  1.37999999448579214E-009   108131848.00000000     
  1.38499999446581312E-009   108714300.00000000     
  1.38999999444583411E-009   109287568.00000000     
  1.39499999442585509E-009   109892612.00000000     
  1.39999999440587608E-009   110489738.00000000     
  1.40499999438589707E-009   110991162.00000000     
  1.40999999436591805E-009   110568010.00000000     
  1.41499999434593904E-009   110014072.00000000     
  1.41999999432596002E-009   109523512.00000000     
  1.42499999430598101E-009   109004644.00000000     
  1.42999999428600200E-009   108498072.00000000     
  1.43499999426602298E-009   108017268.00000000     
  1.43999999424604397E-009   107563750.00000000     
  1.44499999422606495E-009   107098270.00000000     
  1.44999999420608594E-009   106624388.00000000     
  1.45499999418610693E-009   106188324.00000000     
  1.45999999416612791E-009   105739210.00000000     
  1.46499999414614890E-009   105327536.00000000     
  1.46999999412616988E-009   104913874.00000000     
  1.47499999410619087E-009   104491676.00000000     
  1.47999999408621186E-009   104114222.00000000     
  1.48499999406623284E-009   103707342.00000000     
  1.48999999404625383E-009   103306396.00000000     
  1.49499999402627481E-009   102938648.00000000     
  1.49999999400629580E-009   102548826.00000000     
  1.50499999398631679E-009   102150646.00000000     
  1.50999999396633777E-009   101771696.00000000     
  1.51499999394635876E-009   101370820.00000000     
  1.51999999392637974E-009   100948318.00000000     
  1.52499999390640073E-009   100557882.00000000     
  1.52999999388642172E-009   100158030.00000000     
  1.53499999386644270E-009   99741764.000000000     
  1.53999999384646369E-009   99285400.000000000     
  1.54499999382648467E-009   98817942.000000000     
  1.54999999380650566E-009   98368900.000000000     
  1.55499999378652665E-009   97905538.000000000     
  1.55999999376654763E-009   97429124.000000000     
  1.56499999374656862E-009   96911320.000000000     
  1.56999999372658960E-009   96358824.000000000     
  1.57499999370661059E-009   95837862.000000000     
  1.57999999368663158E-009   95281608.000000000     
  1.58499999366665256E-009   94727438.000000000     
  1.58999999364667355E-009   94138158.000000000     
  1.59499999362669453E-009   93545836.000000000     
  1.59999999360671552E-009   92929250.000000000     
  1.60499999358673651E-009   92306284.000000000     
  1.60999999356675749E-009   91640730.000000000     
  1.61499999354677848E-009   90981604.000000000     
  1.61999999352679946E-009   90298392.000000000     
  1.62499999350682045E-009   89613830.000000000     
  1.62999999348684144E-009   88914308.000000000     
  1.63499999346686242E-009   88216762.000000000     
  1.63999999344688341E-009   87471862.000000000     
  1.64499999342690439E-009   86765252.000000000     
  1.64999999340692538E-009   86040724.000000000     
  1.65499999338694637E-009   85303570.000000000     
  1.65999999336696735E-009   84496798.000000000     
  1.66499999334698834E-009   83751026.000000000     
  1.66999999332700932E-009   82999718.000000000     
  1.67499999330703031E-009   82221642.000000000     
  1.67999999328705130E-009   81465288.000000000     
  1.68499999326707228E-009   80697700.000000000     
  1.68999999324709327E-009   79906986.000000000     
  1.69499999322711425E-009   79134594.000000000     
  1.69999999320713524E-009   78346230.000000000     
  1.70499999318715623E-009   77551540.000000000     
  1.70999999316717721E-009   76780378.000000000     
  1.71499999314719820E-009   75997824.000000000     
  1.71999999312721918E-009   75185344.000000000     
  1.72499999310724017E-009   74401888.000000000     
  1.72999999308726116E-009   73597244.000000000     
  1.73499999306728214E-009   72833150.000000000     
  1.73999999304730313E-009   72030016.000000000     
  1.74499999302732411E-009   71223884.000000000     
  1.74999999300734510E-009   70468374.000000000     
  1.75499999298736609E-009   69662398.000000000     
  1.75999999296738707E-009   68874214.000000000     
  1.76499999294740806E-009   68101632.000000000     
  1.76999999292742904E-009   67292778.000000000     
  1.77499999290745003E-009   66500234.000000000     
  1.77999999288747102E-009   65693606.000000000     
  1.78499999286749200E-009   64881350.000000000     
  1.78999999284751299E-009   64080352.000000000     
  1.79499999282753397E-009   63241264.000000000     
  1.79999999280755496E-009   62448408.000000000     
  1.80499999278757595E-009   61607852.000000000     
  1.80999999276759693E-009   60781352.000000000     
  1.81499999274761792E-009   59963034.000000000     
  1.81999999272763890E-009   59126914.000000000     
  1.82499999270765989E-009   58279902.000000000     
  1.82999999268768088E-009   57412896.000000000     
  1.83499999266770186E-009   56568434.000000000     
  1.83999999264772285E-009   55696600.000000000     
  1.84499999262774383E-009   54824480.000000000     
  1.84999999260776482E-009   53941884.000000000     
  1.85499999258778581E-009   53036858.000000000     
  1.85999999256780679E-009   52148970.000000000     
  1.86499999254782778E-009   51235708.000000000     
  1.86999999252784876E-009   50338708.000000000     
  1.87499999250786975E-009   49417236.000000000     
  1.87999999248789074E-009   48476260.000000000     
  1.88499999246791172E-009   47540272.000000000     
  1.88999999244793271E-009   46595032.000000000     
  1.89499999242795369E-009   45664512.000000000     
  1.89999999240797468E-009   44673754.000000000     
  1.90499999238799567E-009   43737732.000000000     
  1.90999999236801665E-009   42754560.000000000     
  1.91499999234803764E-009   41757160.000000000     
  1.91999999232805862E-009   40763390.000000000     
  1.92499999230807961E-009   39778306.000000000     
  1.92999999228810060E-009   38771530.000000000     
  1.93499999226812158E-009   37763568.000000000     
  1.93999999224814257E-009   36750650.000000000     
  1.94499999222816355E-009   35714716.000000000     
  1.94999999220818454E-009   34688606.000000000     
  1.95499999218820553E-009   33646518.000000000     
  1.95999999216822651E-009   32620900.000000000     
  1.96499999214824750E-009   31556480.000000000     
  1.96999999212826848E-009   30509852.000000000     
  1.97499999210828947E-009   29455374.000000000     
  1.97999999208831046E-009   28397628.000000000     
  1.98499999206833144E-009   27325670.000000000     
  1.98999999204835243E-009   26336118.000000000     
  1.99499999202837341E-009   25435774.000000000     
  1.99999999200839440E-009   24596870.000000000     
  2.00499999198841539E-009   23773332.000000000     
  2.00999999196843637E-009   23015246.000000000     
  2.01499999194845736E-009   22271504.000000000     
  2.01999999192847834E-009   21569544.000000000     
  2.02499999190849933E-009   20864088.000000000     
  2.02999999188852032E-009   20210950.000000000     
  2.03499999186854130E-009   19555270.000000000     
  2.03999999184856229E-009   18933558.000000000     
  2.04499999182858327E-009   18330606.000000000     
  2.04999999180860426E-009   17741060.000000000     
  2.05499999178862525E-009   17183040.000000000     
  2.05999999176864623E-009   16613654.000000000     
  2.06499999174866722E-009   16084868.000000000     
  2.06999999172868820E-009   15553354.000000000     
  2.07499999170870919E-009   15038044.000000000     
  2.07999999168873018E-009   14538992.000000000     
  2.08499999166875116E-009   14058626.000000000     
  2.08999999164877215E-009   13585250.000000000     
  2.09499999162879313E-009   13126196.000000000     
  2.09999999160881412E-009   12686150.000000000     
  2.10499999158883511E-009   12235348.000000000     
  2.10999999156885609E-009   11818826.000000000     
  2.11499999154887708E-009   11390978.000000000     
  2.11999999152889806E-009   10997934.000000000     
  2.12499999150891905E-009   10597860.000000000     
  2.12999999148894004E-009   10210756.000000000     
  2.13499999146896102E-009   9841964.0000000000     
  2.13999999144898201E-009   9477706.0000000000     
  2.14499999142900299E-009   9102712.0000000000     
  2.14999999140902398E-009   8771292.0000000000     
  2.15499999138904497E-009   8424748.0000000000     
  2.15999999136906595E-009   8091958.0000000000     
  2.16499999134908694E-009   7760044.0000000000     
  2.16999999132910792E-009   7451778.0000000000     
  2.17499999130912891E-009   7140068.0000000000     
  2.17999999128914990E-009   6838364.0000000000     
  2.18499999126917088E-009   6552124.0000000000     
  2.18999999124919187E-009   6261632.0000000000     
  2.19499999122921285E-009   5994090.0000000000     
  2.19999999120923384E-009   5722750.0000000000     
  2.20499999118925483E-009   5452864.0000000000     
  2.20999999116927581E-009   5201994.0000000000     
  2.21499999114929680E-009   4955508.0000000000     
  2.21999999112931778E-009   4706232.0000000000     
  2.22499999110933877E-009   4482028.0000000000     
  2.22999999108935976E-009   4244964.0000000000     
  2.23499999106938074E-009   4023474.0000000000     
  2.23999999104940173E-009   3807794.0000000000     
  2.24499999102942271E-009   3594540.0000000000     
  2.24999999100944370E-009   3396584.0000000000     
  2.25499999098946469E-009   3203844.0000000000     
  2.25999999096948567E-009   3013554.0000000000     
  2.26499999094950666E-009   2827738.0000000000     
  2.26999999092952764E-009   2652288.0000000000     
  2.27499999090954863E-009   2484856.0000000000     
  2.27999999088956962E-009   2323462.0000000000     
  2.28499999086959060E-009   2161962.0000000000     
  2.28999999084961159E-009   2016886.0000000000     
  2.29499999082963257E-009   1868178.0000000000     
  2.29999999080965356E-009   1729470.0000000000     
  2.30499999078967455E-009   1595176.0000000000     
  2.30999999076969553E-009   1468996.0000000000     
  2.31499999074971652E-009   1341944.0000000000     
  2.31999999072973750E-009   1225156.0000000000     
  2.32499999070975849E-009   1116426.0000000000     
  2.32999999068977948E-009   1013992.0000000000     
  2.33499999066980046E-009   914830.00000000000     
  2.33999999064982145E-009   819728.00000000000     
  2.34499999062984243E-009   730758.00000000000     
  2.34999999060986342E-009   646178.00000000000     
  2.35499999058988441E-009   568622.00000000000     
  2.35999999056990539E-009   494006.00000000000     
  2.36499999054992638E-009   426882.00000000000     
  2.36999999052994736E-009   364848.00000000000     
  2.37499999050996835E-009   306402.00000000000     
  2.37999999048998934E-009   254878.00000000000     
  2.38499999047001032E-009   206450.00000000000     
  2.38999999045003131E-009   163708.00000000000     
  2.39499999043005229E-009   126680.00000000000     
  2.39999999041007328E-009   95380.000000000000     
  2.40499999039009427E-009   66666.000000000000     
  2.40999999037011525E-009   43372.000000000000     
  2.41499999035013624E-009   25914.000000000000     
  2.41999999033015722E-009   12606.000000000000     
  2.42499999031017821E-009   4222.0000000000000     
  2.42999999029019920E-009   368.00000000000000     
  2.43499999027022018E-009   0.0000000000000000     
  2.43999999025024117E-009   0.0000000000000000     
  2.44499999023026215E-009   0.0000000000000000     
  2.44999999021028314E-009   0.0000000000000000     
  2.45499999019030413E-009   0.0000000000000000     
  2.45999999017032511E-009   0.0000000000000000     
  2.46499999015034610E-009   0.0000000000000000     
  2.46999999013036708E-009   0.0000000000000000     
  2.47499999011038807E-009   0.0000000000000000     
  2.47999999009040906E-009   0.0000000000000000     
  2.48499999007043004E-009   0.0000000000000000     
  2.48999999005045103E-009   0.0000000000000000     
  2.49499999003047201E-009   0.0000000000000000     
  2.49999999001049300E-009   0.0000000000000000     
