   0.0000000000000000     
  1.43327094530188523E-016
  5.73092409317629174E-016
  1.28864931511462314E-015
  2.28892426057723649E-015
  3.57242292095649784E-015
  5.13723866914441179E-015
  6.98106323836073451E-015
  9.10119941729352923E-015
  1.14945755951330105E-014
  1.41577619570945373E-014
  1.70869881192342329E-014
  2.02781619867520808E-014
  2.37268896180318758E-014
  2.74284958822010693E-014
  3.13780457051084892E-014
  3.55703657085730506E-014
  4.00000660623139411E-014
  4.46615623807875501E-014
  4.95490975131341200E-014
  5.46567630899217369E-014
  5.99785207064005824E-014
  6.55082226354003426E-014
  7.12396319802583310E-014
  7.71664421890758961E-014
  8.32822958662694748E-014
  8.95808028276858521E-014
  9.60555573589471560E-014
  1.02700154642098361E-013
  1.09508206328160330E-013
  1.16473355239757387E-013
  1.23589289194467241E-013
  1.30849753945422639E-013
  1.38248565242622102E-013
  1.45779620020615501E-013
  1.53436906725335832E-013
  1.61214514794176928E-013
  1.69106643305967493E-013
  1.77107608821418360E-013
  1.85211852439466580E-013
  1.93413946089167576E-013
  2.01708598085029631E-013
  2.10090657974525913E-013
  2.18555120702585523E-013
  2.27097130121334442E-013
  2.35711981878664682E-013
  2.44395125708205405E-013
  2.53142167154463877E-013
  2.61948868760103087E-013
  2.70811150747988814E-013
  2.79725091219253594E-013
  2.88686925905529063E-013
  2.97693047495502649E-013
  3.06740004568827417E-013
  3.15824500159963507E-013
  3.24943389982002849E-013
  3.34093680334955578E-013
  3.43272525719061941E-013
  3.52477226186339912E-013
  3.61705224444454869E-013
  3.70954102742006284E-013
  3.80221579553437037E-013
  3.89505506086214860E-013
  3.98803862635882324E-013
  4.08114754793801123E-013
  4.17436409548830899E-013
  4.26767171277482612E-013
  4.36105497657893706E-013
  4.45449955515882568E-013
  4.54799216617653886E-013
  4.64152053428814361E-013
  4.73507334851534131E-013
  4.82864021952717944E-013
  4.92221163694227430E-013
  5.01577892688236807E-013
  5.10933420970450819E-013
  5.20287035814901729E-013
  5.29638095604214971E-013
  5.38986025748168846E-013
  5.48330314675283493E-013
  5.57670509897627167E-013
  5.67006214156686619E-013
  5.76337081659945822E-013
  5.85662814410971754E-013
  5.94983158642843640E-013
  6.04297901349182833E-013
  6.13606866934525113E-013
  6.22909913970896128E-013
  6.32206932069153805E-013
  6.41497838877080132E-013
  6.50782577185998093E-013
  6.60061112173288450E-013
  6.69333428756099525E-013
  6.78599529081224511E-013
  6.87859430126417445E-013
  6.97113161441211596E-013
  7.06360763003601297E-013
  7.15602283203190121E-013
  7.24837776948693935E-013
  7.34067303897664321E-013
  7.43290926804707345E-013
  7.52508709997594021E-013
  7.61720717950388090E-013
  7.70927013992477294E-013
  7.80127659116908734E-013
  7.89322710900826993E-013
  7.98512222523569142E-013
  8.07696241906869469E-013
  8.16874810923920720E-013
  8.26047964733026706E-013
  8.35215731186478758E-013
  8.44378130332203341E-013
  8.53535173997655065E-013
  8.62686865460121296E-013
  8.71833199186261942E-013
  8.80974160650245538E-013
  8.90109726215231691E-013
  8.99239863083187711E-013
  9.08364529306462985E-013
  9.17483673845030233E-013
  9.26597236691163703E-013
  9.35705149030457369E-013
  9.44807333443668206E-013
  9.53903704165896357E-013
  9.62994167361006537E-013
  9.72078621445541948E-013
  9.81156957434792331E-013
  9.90229059315248191E-013
  9.99294804435622163E-013
  1.00835406393339532E-012
  1.01740670316008552E-012
  1.02645258212844462E-012
  1.03549155597729975E-012
  1.04452347543545068E-012
  1.05354818729068519E-012
  1.06256553487319530E-012
  1.07157535852841640E-012
  1.08057749610560136E-012
  1.08957178342158699E-012
  1.09855805473623363E-012
  1.10753614322146707E-012
  1.11650588140776017E-012
  1.12546710163896104E-012
  1.13441963650084753E-012
  1.14336331925143784E-012
  1.15229798422140895E-012
  1.16122346721400169E-012
  1.17013960587943689E-012
  1.17904624008578109E-012
  1.18794321226527631E-012
  1.19683036774345799E-012
  1.20570755505709097E-012
  1.21457462625413302E-012
  1.22343143717230480E-012
  1.23227784771221154E-012
  1.24111372206605123E-012
  1.24993892896546893E-012
  1.25875334186636028E-012
  1.26755683915977354E-012
  1.27634930432473441E-012
  1.28513062607933878E-012
  1.29390069851936142E-012
  1.30265942122043012E-012
  1.31140669932970287E-012
  1.32014244365119055E-012
  1.32886657068268287E-012
  1.33757900267245867E-012
  1.34627966764094205E-012
  1.35496849937877623E-012
  1.36364543745134633E-012
  1.37231042717854824E-012
  1.38096341960082004E-012
  1.38960437143206685E-012
  1.39823324501130891E-012
  1.40685000822888180E-012
  1.41545463445385614E-012
  1.42404710244620563E-012
  1.43262739625086975E-012
  1.44119550510286991E-012
  1.44975142330375021E-012
  1.45829515010698437E-012
  1.46682668957934347E-012
  1.47534605047261165E-012
  1.48385324607046057E-012
  1.49234829404345789E-012
  1.50083121630191402E-012
  1.50930203881854145E-012
  1.51776079149738670E-012
  1.52620750797602482E-012
  1.53464222548023174E-012
  1.54306498465154999E-012
  1.55147582936638735E-012
  1.55987480657249789E-012
  1.56826196611886767E-012
  1.57663736057839232E-012
  1.58500104507953007E-012
  1.59335307714386255E-012
  1.60169351650456878E-012
  1.61002242495902308E-012
  1.61833986619315249E-012
  1.62664590563490216E-012
  1.63494061029162653E-012
  1.64322404860943028E-012
  1.65149629031394996E-012
  1.65975740628743467E-012
  1.66800746842719987E-012
  1.67624654951065530E-012
  1.68447472307585359E-012
  1.69269206330626331E-012
  1.70089864491623477E-012
  1.70909454304533354E-012
  1.71727983315051656E-012
  1.72545459092465911E-012
  1.73361889219810618E-012
  1.74177281285832609E-012
  1.74991642878027279E-012
  1.75804981574402491E-012
  1.76617304937438052E-012
  1.77428620508244823E-012
  1.78238935801344130E-012
  1.79048258297112873E-012
  1.79856595440832111E-012
  1.80663954634817108E-012
  1.81470343236174538E-012
  1.82275768553104688E-012
  1.83080237840556477E-012
  1.83883758297500508E-012
  1.84686337064754242E-012
  1.85487981220569350E-012
  1.86288697781052972E-012
  1.87088493694587121E-012
  1.87887375842162699E-012
  1.88685351034734908E-012
  1.89482426012418121E-012
  1.90278607442373054E-012
  1.91073901917740119E-012
  1.91868315957027275E-012
  1.92661856004751177E-012
  1.93454528428180917E-012
  1.94246339519175958E-012
  1.95037295493420787E-012
  1.95827402492158081E-012
  1.96616666579170869E-012
  1.97405093745211782E-012
  1.98192689904759689E-012
  1.98979460900504355E-012
  1.99765412501508477E-012
  2.00550550405747825E-012
  2.01334880240958421E-012
  2.02118407566216616E-012
  2.02901137873780507E-012
  2.03683076589867668E-012
  2.04464229078456636E-012
  2.05244600639642442E-012
  2.06024196516344083E-012
  2.06803021892474630E-012
  2.07581081897054308E-012
  2.08358381605971045E-012
  2.09134926043534058E-012
  2.09910720184716573E-012
  2.10685768957325313E-012
  2.11460077243310704E-012
  2.12233649882740930E-012
  2.13006491671688752E-012
  2.13778607367902011E-012
  2.14550001690779840E-012
  2.15320679323660583E-012
  2.16090644915383614E-012
  2.16859903082439206E-012
  2.17628458411273610E-012
  2.18396315460715904E-012
  2.19163478762031677E-012
  2.19929952823737232E-012
  2.20695742131707874E-012
  2.21460851152145093E-012
  2.22225284334157753E-012
  2.22989046110116222E-012
  2.23752140898804673E-012
  2.24514573107597435E-012
  2.25276347133114922E-012
  2.26037467364845460E-012
  2.26797938184432447E-012
  2.27557763970091449E-012
  2.28316949094944369E-012
  2.29075497931424384E-012
  2.29833414849809642E-012
  2.30590704221147993E-012
  2.31347370417360637E-012
  2.32103417811070260E-012
  2.32858850777629244E-012
  2.33613673695354413E-012
  2.34367890945096879E-012
  2.35121506911921208E-012
  2.35874525984818933E-012
  2.36626952558904135E-012
  2.37378791033326030E-012
  2.38130045813646053E-012
  2.38880721311893325E-012
  2.39630821947390208E-012
  2.40380352145922505E-012
  2.41129316342304766E-012
  2.41877718977822738E-012
  2.42625564502724635E-012
  2.43372857375027424E-012
  2.44119602059924916E-012
  2.44865803030050739E-012
  2.45611464765423411E-012
  2.46356591751539380E-012
  2.47101188479736735E-012
  2.47845259446777859E-012
  2.48588809151816849E-012
  2.49331842097888523E-012
  2.50074362789388024E-012
  2.50816375733420077E-012
  2.51557885435234793E-012
  2.52298896401129265E-012
  2.53039413134594916E-012
  2.53779440138680258E-012
  2.54518981911212424E-012
  2.55258042947714319E-012
  2.55996627738627543E-012
  2.56734740766637098E-012
  2.57472386510611165E-012
  2.58209569438742487E-012
  2.58946294012863320E-012
  2.59682564682557067E-012
  2.60418385888882078E-012
  2.61153762059911908E-012
  2.61888697610109193E-012
  2.62623196943007003E-012
  2.63357264443844143E-012
  2.64090904485533499E-012
  2.64824121421751768E-012
  2.65556919588885672E-012
  2.66289303304425502E-012
  2.67021276864680515E-012
  2.67752844545308240E-012
  2.68484010596790512E-012
  2.69214779248117899E-012
  2.69945154701588441E-012
  2.70675141132384687E-012
  2.71404742690060403E-012
  2.72133963493956297E-012
  2.72862807634624004E-012
  2.73591279171545356E-012
  2.74319382132144414E-012
  2.75047120511256343E-012
  2.75774498268941480E-012
  2.76501519330312347E-012
  2.77228187584930068E-012
  2.77954506884713555E-012
  2.78680481044299140E-012
  2.79406113839486378E-012
  2.80131409007569325E-012
  2.80856370246072421E-012
  2.81581001211893661E-012
  2.82305305523058322E-012
  2.83029286755426104E-012
  2.83752948444450027E-012
  2.84476294084634439E-012
  2.85199327129180760E-012
  2.85922050990665176E-012
  2.86644469038713815E-012
  2.87366584603394830E-012
  2.88088400973621149E-012
  2.88809921396631631E-012
  2.89531149080087692E-012
  2.90252087190611685E-012
  2.90972738855801658E-012
  2.91693107162585837E-012
  2.92413195158224333E-012
  2.93133005852301036E-012
  2.93852542213741243E-012
  2.94571807174211421E-012
  2.95290803626343068E-012
  2.96009534425145019E-012
  2.96728002387860953E-012
  2.97446210294776942E-012
  2.98164160889168906E-012
  2.98881856877791165E-012
  2.99599300933473862E-012
  3.00316495691887300E-012
  3.01033443755620577E-012
  3.01750147693164895E-012
  3.02466610037757326E-012
  3.03182833292410417E-012
  3.03898819925992854E-012
  3.04614572375959244E-012
  3.05330093047317709E-012
  3.06045384314291642E-012
  3.06760448520066341E-012
  3.07475287976649625E-012
  3.08189904966240841E-012
  3.08904301740652485E-012
  3.09618480522611558E-012
  3.10332443503300479E-012
  3.11046192846193015E-012
  3.11759730683481328E-012
  3.12473059119191719E-012
  3.13186180226028372E-012
  3.13899096047495108E-012
  3.14611808598869016E-012
  3.15324319863059061E-012
  3.16036631794262799E-012
  3.16748746318121597E-012
  3.17460665326811954E-012
  3.18172390686414438E-012
  3.18883924232240757E-012
  3.19595267770209519E-012
  3.20306423077352469E-012
  3.21017391902944799E-012
  3.21728175967068567E-012
  3.22438776962445782E-012
  3.23149196555541810E-012
  3.23859436385088038E-012
  3.24569498062736234E-012
  3.25279383174996233E-012
  3.25989093282117312E-012
  3.26698629918873967E-012
  3.27407994593755656E-012
  3.28117188790606947E-012
  3.28826213968553557E-012
  3.29535071560709889E-012
  3.30243762977233297E-012
  3.30952289603565359E-012
  3.31660652800737259E-012
  3.32368853906762349E-012
  3.33076894237408840E-012
  3.33784775086344113E-012
  3.34492497725304157E-012
  3.35200063405906620E-012
  3.35907473361057945E-012
  3.36614728802576315E-012
  3.37321830925516622E-012
  3.38028780907181486E-012
  3.38735579908841730E-012
  3.39442229075233937E-012
  3.40148729536128011E-012
  3.40855082406299311E-012
  3.41561288786527645E-012
  3.42267349763746231E-012
  3.42973266412284565E-012
  3.43679039790302946E-012
  3.44384670947555125E-012
  3.45090160918651509E-012
  3.45795510726907293E-012
  3.46500721382650811E-012
  3.47205793885672653E-012
  3.47910729223612938E-012
  3.48615528372616078E-012
  3.49320192296917789E-012
  3.50024721950204770E-012
  3.50729118272315068E-012
  3.51433382192631298E-012
  3.52137514627360154E-012
  3.52841516479966960E-012
  3.53545388639142739E-012
  3.54249131981821080E-012
  3.54952747369061659E-012
  3.55656235646856661E-012
  3.56359597647373735E-012
  3.57062834186682131E-012
  3.57765946064902709E-012
  3.58468934066734097E-012
  3.59171798962267068E-012
  3.59874541504174787E-012
  3.60577162430792046E-012
  3.61279662464340658E-012
  3.61982042312682008E-012
  3.62684302667965612E-012
  3.63386444208214738E-012
  3.64088467597324181E-012
  3.64790373485588201E-012
  3.65492162511499756E-012
  3.66193835299281165E-012
  3.66895392461959534E-012
  3.67596834601733416E-012
  3.68298162310695138E-012
  3.68999376168789187E-012
  3.69700476749088876E-012
  3.70401464612822195E-012
  3.71102340313279432E-012
  3.71803104395734411E-012
  3.72503757393787532E-012
  3.73204299836948205E-012
  3.73904732241231164E-012
  3.74605055119400905E-012
  3.75305268970724259E-012
  3.76005374289439541E-012
  3.76705371559350556E-012
  3.77405261256830294E-012
  3.78105043850079865E-012
  3.78804719797677458E-012
  3.79504289552651800E-012
  3.80203753558227910E-012
  3.80903112251416375E-012
  3.81602366063007606E-012
  3.82301515414297452E-012
  3.83000560722819948E-012
  3.83699502398681307E-012
  3.84398340844515003E-012
  3.85097076458985499E-012
  3.85795709632476888E-012
  3.86494240750162430E-012
  3.87192670190465299E-012
  3.87890998324503066E-012
  3.88589225517249790E-012
  3.89287352125550378E-012
  3.89985378499219513E-012
  3.90683304980721923E-012
  3.91381131903584342E-012
  3.92078859595410281E-012
  3.92776488372271751E-012
  3.93474018543481956E-012
  3.94171450410802605E-012
  3.94868784265333983E-012
  3.95566020390617288E-012
  3.96263159062667098E-012
  3.96960200545575527E-012
  3.97657145096806821E-012
  3.98353992965868461E-012
  3.99050744391482105E-012
  3.99747399606762276E-012
  4.00443958834820830E-012
  4.01140422291403030E-012
  4.01836790187949407E-012
  4.02533062728323552E-012
  4.03229240109945203E-012
  4.03925322529298998E-012
  4.04621310177687499E-012
  4.05317203243904178E-012
  4.06013001915971148E-012
  4.06708706382189855E-012
  4.07404316830832179E-012
  4.08099833450697168E-012
  4.08795256436021614E-012
  4.09490585983595175E-012
  4.10185822296314351E-012
  4.10880965581857941E-012
  4.11576016058130440E-012
  4.12270973951596856E-012
  4.12965839499336603E-012
  4.13660612950666200E-012
  4.14355294568775049E-012
  4.15049884630680767E-012
  4.15744383429421700E-012
  4.16438791276285299E-012
  4.17133108500041284E-012
  4.17827335446277475E-012
  4.18521472482156728E-012
  4.19215519994143319E-012
  4.19909478386533726E-012
  4.20603348084965689E-012
  4.21297129534648818E-012
  4.21990823199696947E-012
  4.22684429564297824E-012
  4.23377949132545251E-012
  4.24071382423636103E-012
  4.24764729980127515E-012
  4.25457992360268898E-012
  4.26151170139199175E-012
  4.26844263911999672E-012
  4.27537274288857374E-012
  4.28230201897089579E-012
  4.28923047379449468E-012
  4.29615811396285989E-012
  4.30308494619823056E-012
  4.31001097739707883E-012
  4.31693621458173675E-012
  4.32386066490746524E-012
  4.33078433564696551E-012
  4.33770723424157211E-012
  4.34462936819946210E-012
  4.35155074518863127E-012
  4.35847137296173457E-012
  4.36539125941148951E-012
  4.37231041249987864E-012
  4.37922884030421563E-012
  4.38614655101599011E-012
  4.39306355288022178E-012
  4.39997985425719924E-012
  4.40689546357124649E-012
  4.41381038933450845E-012
  4.42072464012295622E-012
  4.42763822458603860E-012
  4.43455115143184457E-012
  4.44146342942714202E-012
  4.44837506740814730E-012
  4.45528607423013825E-012
  4.46219645879864715E-012
  4.46910623006330861E-012
  4.47601539696890480E-012
  4.48292396849120002E-012
  4.48983195360484218E-012
  4.49673936126556715E-012
  4.50364620042026140E-012
  4.51055247997165660E-012
  4.51745820879842350E-012
  4.52436339569366407E-012
  4.53126804940317104E-012
  4.53817217859665348E-012
  4.54507579184396024E-012
  4.55197889762070537E-012
  4.55888150429846719E-012
  4.56578362012782302E-012
  4.57268525322593660E-012
  4.57958641160388574E-012
  4.58648710310629516E-012
  4.59338733546973664E-012
  4.60028711623031105E-012
  4.60718645282629385E-012
  4.61408535250115055E-012
  4.62098382234081643E-012
  4.62788186926412419E-012
  4.63477950003139801E-012
  4.64167672119992317E-012
  4.64857353915518343E-012
  4.65546996010553683E-012
  4.66236599005864428E-012
  4.66926163482281942E-012
  4.67615690001783282E-012
  4.68305179106954581E-012
  4.68994631318512821E-012
  4.69684047137886003E-012
  4.70373427048949826E-012
  4.71062771513320183E-012
  4.71752080972887380E-012
  4.72441355853766562E-012
  4.73130596559931172E-012
  4.73819803479276652E-012
  4.74508976983133831E-012
  4.75198117423986745E-012
  4.75887225139440274E-012
  4.76576300451417845E-012
  4.77265343667764013E-012
  4.77954355082005191E-012
  4.78643334972303076E-012
  4.79332283607841382E-012
  4.80021201244476202E-012
  4.80710088124985933E-012
  4.81398944483755515E-012
  4.82087770544934495E-012
  4.82776566520707544E-012
  4.83465332616644877E-012
  4.84154069028509610E-012
  4.84842775944321997E-012
  4.85531453544922138E-012
  4.86220102002274097E-012
  4.86908721483744622E-012
  4.87597312149936242E-012
  4.88285874155983611E-012
  4.88974407651376925E-012
  4.89662912781120947E-012
  4.90351389687920406E-012
  4.91039838508519083E-012
  4.91728259378268041E-012
  4.92416652429942611E-012
  4.93105017792193209E-012
  4.93793355594075681E-012
  4.94481665961521490E-012
  4.95169949020037362E-012
  4.95858204895881188E-012
  4.96546433711140061E-012
  4.97234635589295487E-012
  4.97922810653443168E-012
  4.98610959025274460E-012
  4.99299080826246215E-012
  4.99987176177287551E-012
  5.00675245196936199E-012
  5.01363288003707752E-012
  5.02051304713703634E-012
  5.02739295440832189E-012
  5.03427260296473527E-012
  5.04115199390751886E-012
  5.04803112827013303E-012
  5.05491000708987925E-012
  5.06178863132682743E-012
  5.06866700192934257E-012
  5.07554511977231277E-012
  5.08242298570775263E-012
  5.08930060050590463E-012
  5.09617796492010897E-012
  5.10305507959280953E-012
  5.10993194517661466E-012
  5.11680856220572551E-012
  5.12368493119145845E-012
  5.13056105254402558E-012
  5.13743692663692643E-012
  5.14431255376490627E-012
  5.15118793413320851E-012
  5.15806306787789384E-012
  5.16493795506064861E-012
  5.17181259565157638E-012
  5.17868698953605368E-012
  5.18556113651355786E-012
  5.19243503630247189E-012
  5.19930868850778067E-012
  5.20618209268138820E-012
  5.21305524825346558E-012
  5.21992815459994946E-012
  5.22680081101009461E-012
  5.23367321667187137E-012
  5.24054537073578305E-012
  5.24741727226229300E-012
  5.25428892026546981E-012
  5.26116031370186551E-012
  5.26803145148648006E-012
  5.27490233246895565E-012
  5.28177295551607179E-012
  5.28864331941129300E-012
  5.29551342296206151E-012
  5.30238326493031817E-012
  5.30925284407138960E-012
  5.31612215914406303E-012
  5.32299120890195984E-012
  5.32985999209982180E-012
  5.33672850747390113E-012
  5.34359675378990459E-012
  5.35046472982106761E-012
  5.35733243433482726E-012
  5.36419986612840880E-012
  5.37106702400158689E-012
  5.37793390678221673E-012
  5.38480051331911573E-012
  5.39166684247426675E-012
  5.39853289315111586E-012
  5.40539866430473119E-012
  5.41226415489722081E-012
  5.41912936394567037E-012
  5.42599429053211943E-012
  5.43285893376700148E-012
  5.43972329280168736E-012
  5.44658736690255109E-012
  5.45345115534310835E-012
  5.46031465746559628E-012
  5.46717787271297821E-012
  5.47404080054231426E-012
  5.48090344056221553E-012
  5.48776579236424058E-012
  5.49462785565141301E-012
  5.50148963020967801E-012
  5.50835111585531425E-012
  5.51521231249480508E-012
  5.52207322008342379E-012
  5.52893383861403916E-012
  5.53579416814278396E-012
  5.54265420876094211E-012
  5.54951396057348718E-012
  5.55637342374704840E-012
  5.56323259842820719E-012
  5.57009148480136263E-012
  5.57695008304810267E-012
  5.58380839334180726E-012
  5.59066641586130738E-012
  5.59752415077942238E-012
  5.60438159820589100E-012
  5.61123875827723037E-012
  5.61809563106579294E-012
  5.62495221663748093E-012
  5.63180851499708536E-012
  5.63866452614476861E-012
  5.64552025002310219E-012
  5.65237568657865058E-012
  5.65923083569806821E-012
  5.66608569727628860E-012
  5.67294027115758209E-012
  5.67979455718708252E-012
  5.68664855519606848E-012
  5.69350226499282471E-012
  5.70035568639334956E-012
  5.70720881919451769E-012
  5.71406166319390007E-012
  5.72091421817694187E-012
  5.72776648391071906E-012
  5.73461846016491757E-012
  5.74147014666902027E-012
  5.74832154314323653E-012
  5.75517264926130905E-012
  5.76202346469065143E-012
  5.76887398903246893E-012
  5.77572422182563176E-012
  5.78257416259581002E-012
  5.78942381080305751E-012
  5.79627316581426523E-012
  5.80312222700176465E-012
  5.80997099363525868E-012
  5.81681946490709431E-012
  5.82366763999510652E-012
  5.83051551799901342E-012
  5.83736309793279553E-012
  5.84421037881525830E-012
  5.85105735956275960E-012
  5.85790403906552839E-012
  5.86475041617181340E-012
  5.87159648969185751E-012
  5.87844225837537074E-012
  5.88528772094638501E-012
  5.89213287609724408E-012
  5.89897772248711484E-012
  5.90582225872468111E-012
  5.91266648339509731E-012
  5.91951039502976080E-012
  5.92635399214413120E-012
  5.93319727321453695E-012
  5.94004023662476813E-012
  5.94688288079273032E-012
  5.95372520403043064E-012
  5.96056720464092097E-012
  5.96740888085824746E-012
  5.97425023090165179E-012
  5.98109125291617095E-012
  5.98793194502738136E-012
  5.99477230531602446E-012
  6.00161233183453663E-012
  6.00845202259864325E-012
  6.01529137563231566E-012
  6.02213038891814030E-012
  6.02896906045971194E-012
  6.03580738826657389E-012
  6.04264537036908312E-012
  6.04948300482331429E-012
  6.05632028974077851E-012
  6.06315722327870641E-012
  6.06999380365263434E-012
  6.07683002918455453E-012
  6.08366589824862976E-012
  6.09050140933907142E-012
  6.09733656104396621E-012
  6.10417135208214144E-012
  6.11100578129078875E-012
  6.11783984763421501E-012
  6.12467355023924384E-012
  6.13150688836332878E-012
  6.13833986145556351E-012
  6.14517246910536350E-012
  6.15200471106522487E-012
  6.15883658729621518E-012
  6.16566809794052710E-012
  6.17249924329222982E-012
  6.17933002388394201E-012
  6.18616044038033560E-012
  6.19299049367689825E-012
  6.19982018482323328E-012
  6.20664951507318090E-012
  6.21347848584831240E-012
  6.22030709873295329E-012
  6.22713535549290881E-012
  6.23396325802937363E-012
  6.24079080843004901E-012
  6.24761800888927388E-012
  6.25444486176282469E-012
  6.26127136953470543E-012
  6.26809753480612610E-012
  6.27492336025653876E-012
  6.28174884875262346E-012
  6.28857400315590812E-012
  6.29539882650085878E-012
  6.30222332185382024E-012
  6.30904749234873507E-012
  6.31587134123285668E-012
  6.32269487176956444E-012
  6.32951808728271805E-012
  6.33634099114304701E-012
  6.34316358675504011E-012
  6.34998587756183907E-012
  6.35680786700959627E-012
  6.36362955860816426E-012
  6.37045095583363142E-012
  6.37727206223881522E-012
  6.38409288133608369E-012
  6.39091341672351739E-012
  6.39773367193404995E-012
  6.40455365062527210E-012
  6.41137335638878670E-012
  6.41819279289361637E-012
  6.42501196382637990E-012
  6.43183087288935029E-012
  6.43864952383601144E-012
  6.44546792042932105E-012
  6.45228606644858817E-012
  6.45910396571970408E-012
  6.46592162204204263E-012
  6.47273903926099926E-012
  6.47955622121022250E-012
  6.48637317173384844E-012
  6.49318989466403848E-012
  6.50000639381264765E-012
  6.50682267298359606E-012
  6.51363873592563556E-012
  6.52045458639137519E-012
  6.52727022805806334E-012
  6.53408566453552589E-012
  6.54090089941775032E-012
  6.54771593618431710E-012
  6.55453077825981780E-012
  6.56134542895672545E-012
  6.56815989152721372E-012
  6.57497416909646386E-012
  6.58178826471630784E-012
  6.58860218128687483E-012
  6.59541592163639954E-012
  6.60222948845683949E-012
  6.60904288431989275E-012
  6.61585611170809959E-012
  6.62266917292971235E-012
  6.62948207022611584E-012
  6.63629480568215095E-012
  6.64310738128231523E-012
  6.64991979886820436E-012
  6.65673206020159348E-012
  6.66354416687371878E-012
  6.67035612040278385E-012
  6.67716792216437470E-012
  6.68397957337768608E-012
  6.69079107520488252E-012
  6.69760242860299987E-012
  6.70441363441495941E-012
  6.71122469336854840E-012
  6.71803560599335470E-012
  6.72484637269110050E-012
  6.73165699369515011E-012
  6.73846746909422186E-012
  6.74527779876107616E-012
  6.75208798245652856E-012
  6.75889801970148719E-012
  6.76570790988062178E-012
  6.77251765220767938E-012
  6.77932724568283127E-012
  6.78613668913055768E-012
  6.79294598119639558E-012
  6.79975512037066927E-012
  6.80656410490542254E-012
  6.81337293291132315E-012
  6.82018160229099569E-012
  6.82699011078263192E-012
  6.83379845595082228E-012
  6.84060663516607996E-012
  6.84741464565466561E-012
  6.85422248446660113E-012
  6.86103014854138370E-012
  6.86783763463209029E-012
  6.87464493938843749E-012
  6.88145205933915861E-012
  6.88825899091683531E-012
  6.89506573044941658E-012
  6.90187227419723985E-012
  6.90867861833894073E-012
  6.91548475901867413E-012
  6.92229069232118502E-012
  6.92909641432392152E-012
  6.93590192108645288E-012
  6.94270720868382730E-012
  6.94951227320486342E-012
  6.95631711078611887E-012
  6.96312171760987320E-012
  6.96992608993804390E-012
  6.97673022413534830E-012
  6.98353411659680079E-012
  6.99033776390312591E-012
  6.99714116267587410E-012
  7.00394430971930333E-012
  7.01074720191122119E-012
  7.01754983628448397E-012
  7.02435220998643977E-012
  7.03115432032164705E-012
  7.03795616469506900E-012
  7.04475774067989823E-012
  7.05155904597369933E-012
  7.05836007842026770E-012
  7.06516083597670473E-012
  7.07196131680068128E-012
  7.07876151912643896E-012
  7.08556144136469079E-012
  7.09236108205073416E-012
  7.09916043985680525E-012
  7.10595951358052918E-012
  7.11275830217818900E-012
  7.11955680468300284E-012
  7.12635502030363431E-012
  7.13315294833410090E-012
  7.13995058819978916E-012
  7.14674793943394548E-012
  7.15354500169452582E-012
  7.16034177472423662E-012
  7.16713825838470688E-012
  7.17393445260701808E-012
  7.18073035741014933E-012
  7.18752597291230182E-012
  7.19432129924370805E-012
  7.20111633663378056E-012
  7.20791108533644767E-012
  7.21470554566913345E-012
  7.22149971792265895E-012
  7.22829360247055599E-012
  7.23508719966611632E-012
  7.24188050991334819E-012
  7.24867353355576583E-012
  7.25546627101503180E-012
  7.26225872264725788E-012
  7.26905088884624989E-012
  7.27584276996326071E-012
  7.28263436635328652E-012
  7.28942567834413642E-012
  7.29621670623745426E-012
  7.30300745032950964E-012
  7.30979791085676958E-012
  7.31658808805707437E-012
  7.32337798211885154E-012
  7.33016759319443157E-012
  7.33695692141741545E-012
  7.34374596689840949E-012
  7.35053472969544883E-012
  7.35732320987727183E-012
  7.36411140747744719E-012
  7.37089932253412213E-012
  7.37768695506328127E-012
  7.38447430512000161E-012
  7.39126137272588353E-012
  7.39804815795123093E-012
  7.40483466088781401E-012
  7.41162088166867636E-012
  7.41840682042312150E-012
  7.42519247740307439E-012
  7.43197785279584460E-012
  7.43876294696728505E-012
  7.44554776024166186E-012
  7.45233229304768562E-012
  7.45911654589071036E-012
  7.46590051929141558E-012
  7.47268421388958672E-012
  7.47946763033111935E-012
  7.48625076940210486E-012
  7.49303363188551170E-012
  7.49981621869375564E-012
  7.50659853075882042E-012
  7.51338056911929269E-012
  7.52016233487836320E-012
  7.52694382919581996E-012
  7.53372505333184354E-012
  7.54050600860214710E-012
  7.54728669642576061E-012
  7.55406711825426486E-012
  7.56084727570450714E-012
  7.56762717037937286E-012
  7.57440680404366960E-012
  7.58118617851541597E-012
  7.58796529570465277E-012
  7.59474415757825071E-012
  7.60152276623397375E-012
  7.60830112376777962E-012
  7.61507923242673678E-012
  7.62185709444748344E-012
  7.62863471214520119E-012
  7.63541208789099356E-012
  7.64218922406352182E-012
  7.64896612309752261E-012
  7.65574278741445572E-012
  7.66251921946871787E-012
  7.66929542171827465E-012
  7.67607139662534870E-012
  7.68284714662919063E-012
  7.68962267417759752E-012
  7.69639798168925355E-012
  7.70317307156143800E-012
  7.70994794619030408E-012
  7.71672260791953558E-012
  7.72349705905451394E-012
  7.73027130187565171E-012
  7.73704533861088556E-012
  7.74381917142718958E-012
  7.75059280248413849E-012
  7.75736623384729435E-012
  7.76413946752234560E-012
  7.77091250547555062E-012
  7.77768534962502495E-012
  7.78445800181443621E-012
  7.79123046383844485E-012
  7.79800273744129689E-012
  7.80477482431914072E-012
  7.81154672612009494E-012
  7.81831844444191706E-012
  7.82508998082432623E-012
  7.83186133678247502E-012
  7.83863251382043464E-012
  7.84540351331779858E-012
  7.85217433670825339E-012
  7.85894498532030284E-012
  7.86571546049036706E-012
  7.87248576353928387E-012
  7.87925589569592860E-012
  7.88602585826203314E-012
  7.89279565244365911E-012
  7.89956527948535631E-012
  7.90633474062735765E-012
  7.91310403710026879E-012
  7.91987317012168827E-012
  7.92664214093815467E-012
  7.93341095084141713E-012
  7.94017960108640719E-012
  7.94694809298590412E-012
  7.95371642787198049E-012
  7.96048460712141868E-012
  7.96725263215391909E-012
  7.97402050443013568E-012
  7.98078822539978486E-012
  7.98755579667796263E-012
  7.99432321983251229E-012
  8.00109049650006077E-012
  8.00785762843061690E-012
  8.01462461737181135E-012
  8.02139146517350434E-012
  8.02815817373970890E-012
  8.03492474501137528E-012
  8.04169118104166591E-012
  8.04845748388886305E-012
  8.05522365572945982E-012
  8.06198969877562314E-012
  8.06875561527146333E-012
  8.07552140758329692E-012
  8.08228707807304122E-012
  8.08905262912341907E-012
  8.09581806325317281E-012
  8.10258338291962340E-012
  8.10934859065381750E-012
  8.11611368901232481E-012
  8.12287868054068380E-012
  8.12964356782143314E-012
  8.13640835339123525E-012
  8.14317303982441515E-012
  8.14993762964050843E-012
  8.15670212534004654E-012
  8.16346652937071508E-012
  8.17023084412859618E-012
  8.17699507197730511E-012
  8.18375921516181491E-012
  8.19052327587877963E-012
  8.19728725621573818E-012
  8.20405115817952926E-012
  8.21081498362447049E-012
  8.21757873431081675E-012
  8.22434241186031216E-012
  8.23110601771011197E-012
  8.23786955321170650E-012
  8.24463301948868168E-012
  8.25139641752455041E-012
  8.25815974811108287E-012
  8.26492301188263933E-012
  8.27168620927446545E-012
  8.27844934052227537E-012
  8.28521240572144367E-012
  8.29197540475187085E-012
  8.29873833734882677E-012
  8.30550120308252166E-012
  8.31226400134867745E-012
  8.31902673141691951E-012
  8.32578939238089862E-012
  8.33255198326511517E-012
  8.33931450293574044E-012
  8.34607695019774077E-012
  8.35283932369836890E-012
  8.35960162210572833E-012
  8.36636384394827930E-012
  8.37312598772828044E-012
  8.37988805194486907E-012
  8.38665003503860295E-012
  8.39341193546985178E-012
  8.40017375174885034E-012
  8.40693548233880691E-012
  8.41369712583752112E-012
  8.42045868086279031E-012
  8.42722014611698297E-012
  8.43398152041482522E-012
  8.44074280264943470E-012
  8.44750399184218404E-012
  8.45426508716980234E-012
  8.46102608783137036E-012
  8.46778699326702416E-012
  8.47454780295659798E-012
  8.48130851655820452E-012
  8.48806913383008730E-012
  8.49482965462608902E-012
  8.50159007896189864E-012
  8.50835040693188260E-012
  8.51511063872748637E-012
  8.52187077472310771E-012
  8.52863081531263809E-012
  8.53539076103017930E-012
  8.54215061250318822E-012
  8.54891037047279445E-012
  8.55567003571908101E-012
  8.56242960920257906E-012
  8.56918909189660232E-012
  8.57594848488453443E-012
  8.58270778936805072E-012
  8.58946700656666905E-012
  8.59622613782612990E-012
  8.60298518454529422E-012
  8.60974414818735566E-012
  8.61650303031618480E-012
  8.62326183253055859E-012
  8.63002055649776617E-012
  8.63677920394579917E-012
  8.64353777664876611E-012
  8.65029627645131694E-012
  8.65705470516884328E-012
  8.66381306474998394E-012
  8.67057135711620194E-012
  8.67732958420473328E-012
  8.68408774800111999E-012
  8.69084585050639599E-012
  8.69760389372667137E-012
  8.70436187964845752E-012
  8.71111981032316722E-012
  8.71787768775980407E-012
  8.72463551398626272E-012
  8.73139329103081913E-012
  8.73815102094315415E-012
  8.74490870574662910E-012
  8.75166634748676632E-012
  8.75842394823122654E-012
  8.76518151000226279E-012
  8.77193903488626692E-012
  8.77869652491108996E-012
  8.78545398211064302E-012
  8.79221140852701048E-012
  8.79896880617135921E-012
  8.80572617699315358E-012
  8.81248352293715983E-012
  8.81924084587948175E-012
  8.82599814766327323E-012
  8.83275543001363883E-012
  8.83951269462183009E-012
  8.84626994307762030E-012
  8.85302717682161072E-012
  8.85978439724814999E-012
  8.86654160561119707E-012
  8.87329880300059149E-012
  8.88005599041023923E-012
  8.88681316866547267E-012
  8.89357033845290503E-012
  8.90032750025927232E-012
  8.90708465448022215E-012
  8.91384180130358913E-012
  8.92059894074104749E-012
  8.92735607267573213E-012
  8.93411319680489656E-012
  8.94087031266268137E-012
  8.94762741963897141E-012
  8.95438451700767010E-012
  8.96114160382614214E-012
  8.96789867908929360E-012
  8.97465574162402891E-012
  8.98141279011357023E-012
  8.98816982317294580E-012
  8.99492683928134366E-012
  9.00168383678484043E-012
  9.00844081396814784E-012
  9.01519776898712651E-012
  9.02195469989681147E-012
  9.02871160466675866E-012
  9.03546848121017073E-012
  9.04222532727916174E-012
  9.04898214063073291E-012
  9.05573891892427654E-012
  9.06249565973768177E-012
  9.06925236062802576E-012
  9.07600901910757412E-012
  9.08276563265859910E-012
  9.08952219872941169E-012
  9.09627871477186746E-012
  9.10303517823023843E-012
  9.10979158656606725E-012
  9.11654793722391513E-012
  9.12330422770763046E-012
  9.13006045548575623E-012
  9.13681661814376840E-012
  9.14357271322258986E-012
  9.15032873836005289E-012
  9.15708469122913202E-012
  9.16384056954065177E-012
  9.17059637108057920E-012
  9.17735209370335645E-012
  9.18410773531735717E-012
  9.19086329389531677E-012
  9.19761876749992657E-012
  9.20437415423574580E-012
  9.21112945232021641E-012
  9.21788466000548153E-012
  9.22463977566183055E-012
  9.23139479769397782E-012
  9.23814972463605589E-012
  9.24490455508784670E-012
  9.25165928771034356E-012
  9.25841392128615309E-012
  9.26516845467553027E-012
  9.27192288680622446E-012
  9.27867721674717764E-012
  9.28543144361833911E-012
  9.29218556662673670E-012
  9.29893958508679924E-012
  9.30569349840544953E-012
  9.31244730604118963E-012
  9.31920100757254355E-012
  9.32595460263424157E-012
  9.33270809096424839E-012
  9.33946147231815799E-012
  9.34621474656067140E-012
  9.35296791362196618E-012
  9.35972097343056391E-012
  9.36647392603797275E-012
  9.37322677147049605E-012
  9.37997950982029499E-012
  9.38673214121700268E-012
  9.39348466584865405E-012
  9.40023708382060155E-012
  9.40698939538804495E-012
  9.41374160072431411E-012
  9.42049370005859623E-012
  9.42724569353832979E-012
  9.43399758146114149E-012
  9.44074936397678979E-012
  9.44750104129051888E-012
  9.45425261357145327E-012
  9.46100408103313965E-012
  9.46775544379921728E-012
  9.47450670207888693E-012
  9.48125785602533373E-012
  9.48800890581390220E-012
  9.49475985164447761E-012
  9.50151069370003329E-012
  9.50826143223914720E-012
  9.51501206747730795E-012
  9.52176259971752539E-012
  9.52851302927802494E-012
  9.53526335655250902E-012
  9.54201358194597949E-012
  9.54876370596175958E-012
  9.55551372914854793E-012
  9.56226365214685375E-012
  9.56901347568044716E-012
  9.57576320054684172E-012
  9.58251282764652372E-012
  9.58926235801051724E-012
  9.59601179271887943E-012
  9.60276113300217878E-012
  9.60951038015336806E-012
  9.61625953560172651E-012
  9.62300860081202944E-012
  9.62975757743274441E-012
  9.63650646710211716E-012
  9.64325527159716268E-012
  9.65000399271287905E-012
  9.65675263234928883E-012
  9.66350119243069524E-012
  9.67024967495255034E-012
  9.67699808194729182E-012
  9.68374641545702989E-012
  9.69049467757211298E-012
  9.69724287043515535E-012
  9.70399099613390110E-012
  9.71073905683910965E-012
  9.71748705468228972E-012
  9.72423499177673915E-012
  9.73098287028559986E-012
  9.73773069227090872E-012
  9.74447845989253447E-012
  9.75122617516106238E-012
  9.75797384015980013E-012
  9.76472145689729412E-012
  9.77146902737618093E-012
  9.77821655354424793E-012
  9.78496403734618545E-012
  9.79171148064982224E-012
  9.79845888534411731E-012
  9.80520625319136442E-012
  9.81195358598930977E-012
  9.81870088539725666E-012
  9.82544815305189826E-012
  9.83219539050621286E-012
  9.83894259923463212E-012
  9.84568978060378120E-012
  9.85243693591814493E-012
  9.85918406631979155E-012
  9.86593117287789724E-012
  9.87267825650676799E-012
  9.87942531801133454E-012
  9.88617235800703867E-012
  9.89291937699275429E-012
  9.89966637527896009E-012
  9.90641335297420898E-012
  9.91316031002762613E-012
  9.91990724622922883E-012
  9.92665416108116260E-012
  9.93340105398600431E-012
  9.94014792408496762E-012
  9.94689477036431523E-012
  9.95364159156587472E-012
  9.96038838637379724E-012
  9.96713515314734257E-012
  9.97388189021619232E-012
  9.98062859576056209E-012
  9.98737526776571777E-012
  9.99412190416430076E-012
  1.00008685028406448E-011
  1.00076150615311765E-011
  1.00143615779968845E-011
  1.00211080499087997E-011
  1.00278544749601997E-011
  1.00346008508285520E-011
  1.00413471752171266E-011
  1.00480934458548588E-011
  1.00548396604878801E-011
  1.00615858169813650E-011
  1.00683319131590110E-011
  1.00750779469730113E-011
  1.00818239164389547E-011
  1.00885698196280597E-011
  1.00953156546835901E-011
  1.01020614198229943E-011
  1.01088071133623055E-011
  1.01155527337266105E-011
  1.01222982793909001E-011
  1.01290437489418635E-011
  1.01357891411220247E-011
  1.01425344547665759E-011
  1.01492796888566618E-011
  1.01560248425063961E-011
  1.01627699149472585E-011
  1.01695149056411278E-011
  1.01762598141693793E-011
  1.01830046402870401E-011
  1.01897493839744935E-011
  1.01964940453751975E-011
  1.02032386248403546E-011
  1.02099831229576154E-011
  1.02167275405180198E-011
  1.02234718785249410E-011
  1.02302161382662526E-011
  1.02369603212436814E-011
  1.02437044292154806E-011
  1.02504484642045205E-011
  1.02571924284539209E-011
  1.02639363245557187E-011
  1.02706801553317240E-011
  1.02774239238723080E-011
  1.02841676336128776E-011
  1.02909112882284995E-011
  1.02976548917027397E-011
  1.03043984483642393E-011
  1.03111419627891731E-011
  1.03178854398692884E-011
  1.03246288848317593E-011
  1.03313723031331860E-011
  1.03381157005590896E-011
  1.03448590831923106E-011
  1.03516024573298052E-011
  1.03583458295211909E-011
  1.03650892066258550E-011
  1.03718325956606429E-011
  1.03785760038908275E-011
  1.03853194387695919E-011
  1.03920629079481339E-011
  1.03988064192291560E-011
  1.04055499806143998E-011
  1.04122936001925638E-011
  1.04190372862630791E-011
  1.04257810472053209E-011
  1.04325248915403399E-011
  1.04392688278719617E-011
  1.04460128649016966E-011
  1.04527570114000161E-011
  1.04595012762470143E-011
  1.04662456683394824E-011
  1.04729901965903546E-011
  1.04797348699772077E-011
  1.04864796974453248E-011
  1.04932246879927750E-011
  1.04999698505256325E-011
  1.05067151939371813E-011
  1.05134607270427091E-011
  1.05202064586152695E-011
  1.05269523972578784E-011
  1.05336985515064193E-011
  1.05404449297671411E-011
  1.05471915402220491E-011
  1.05539383909197998E-011
  1.05606854897276739E-011
  1.05674328442108957E-011
  1.05741804617819615E-011
  1.05809283495899915E-011
  1.05876765144516373E-011
  1.05944249629384627E-011
  1.06011737013551220E-011
  1.06079227356356636E-011
  1.06146720714407671E-011
  1.06214217139975321E-011
  1.06281716683025885E-011
  1.06349219388876581E-011
  1.06416725299457469E-011
  1.06484234452676363E-011
  1.06551746882568949E-011
  1.06619262618234554E-011
  1.06686781685847223E-011
  1.06754304106135263E-011
  1.06821829895895529E-011
  1.06889359067463400E-011
  1.06956891628761296E-011
  1.07024427582837394E-011
  1.07091966928815253E-011
  1.07159509661057865E-011
  1.07227055769407482E-011
  1.07294605239941832E-011
  1.07362158054031547E-011
  1.07429714189251341E-011
  1.07497273619547932E-011
  1.07564836315182869E-011
  1.07632402242886366E-011
  1.07699971366517819E-011
  1.07767543646746471E-011
  1.07835119042225521E-011
  1.07902697508183543E-011
  1.07970278998815105E-011
  1.08037863465653626E-011
  1.08105450859010334E-011
  1.08173041127312474E-011
  1.08240634218320584E-011
  1.08308230078039125E-011
  1.08375828652065123E-011
  1.08443429885217764E-011
  1.08511033721919783E-011
  1.08578640106259151E-011
  1.08646248981653532E-011
  1.08713860292099405E-011
  1.08781473981068200E-011
  1.08849089992270778E-011
  1.08916708269903967E-011
  1.08984328758239754E-011
  1.09051951401820605E-011
  1.09119576146419597E-011
  1.09187202937955225E-011
  1.09254831723739655E-011
  1.09322462451782114E-011
  1.09390095071476935E-011
  1.09457729533406459E-011
  1.09525365789804058E-011
  1.09593003793513442E-011
  1.09660643499717885E-011
  1.09728284864825761E-011
  1.09795927846165341E-011
  1.09863572402958382E-011
  1.09931218495876228E-011
  1.09998866086971627E-011
  1.10066515139569072E-011
  1.10134165618027742E-011
  1.10201817488197952E-011
  1.10269470717558694E-011
  1.10337125273933111E-011
  1.10404781126798334E-011
  1.10472438245936034E-011
  1.10540096602700203E-011
  1.10607756169002551E-011
  1.10675416917122219E-011
  1.10743078820567843E-011
  1.10810741853293219E-011
  1.10878405989762021E-011
  1.10946071204824210E-011
  1.11013737473677212E-011
  1.11081404772567145E-011
  1.11149073077485029E-011
  1.11216742365105355E-011
  1.11284412612435346E-011
  1.11352083796864423E-011
  1.11419755896302357E-011
  1.11487428888619206E-011
  1.11555102752529433E-011
  1.11622777466803851E-011
  1.11690453010924391E-011
  1.11758129364063629E-011
  1.11825806506138704E-011
  1.11893484417841603E-011
  1.11961163079499259E-011
  1.12028842471773496E-011
  1.12096522576240273E-011
  1.12164203373800101E-011
  1.12231884846155246E-011
  1.12299566975214927E-011
  1.12367249743080200E-011
  1.12434933131930349E-011
  1.12502617123317256E-011
  1.12570301700455927E-011
  1.12637986845087527E-011
  1.12705672540161329E-011
  1.12773358767774267E-011
  1.12841045510435253E-011
  1.12908732750321031E-011
  1.12976420469499895E-011
  1.13044108649573343E-011
  1.13111797272095554E-011
  1.13179486318003926E-011
  1.13247175767809518E-011
  1.13314865600805204E-011
  1.13382555796790958E-011
  1.13450246333509710E-011
  1.13517937188891279E-011
  1.13585628338937442E-011
  1.13653319759850359E-011
  1.13721011426300451E-011
  1.13788703311758986E-011
  1.13856395389124796E-011
  1.13924087630205289E-011
  1.13991780006002871E-011
  1.14059472486618131E-011
  1.14127165041559285E-011
  1.14194857639120710E-011
  1.14262550247427050E-011
  1.14330242833675181E-011
  1.14397935364614284E-011
  1.14465627805932988E-011
  1.14533320123238594E-011
  1.14601012281283788E-011
  1.14668704244174296E-011
  1.14736395975257325E-011
  1.14804087437671008E-011
  1.14871778593808711E-011
  1.14939469405141199E-011
  1.15007159833015471E-011
  1.15074849838479364E-011
  1.15142539381787061E-011
  1.15210228423187751E-011
  1.15277916922377398E-011
  1.15345604839160776E-011
  1.15413292132965499E-011
  1.15480978763533818E-011
  1.15548664690032786E-011
  1.15616349872395632E-011
  1.15684034269807585E-011
  1.15751717842172147E-011
  1.15819400549639471E-011
  1.15887082352209769E-011
  1.15954763210176109E-011
  1.16022443084553390E-011
  1.16090121936539391E-011
  1.16157799727589403E-011
  1.16225476420024267E-011
  1.16293151976443932E-011
  1.16360826360168156E-011
  1.16428499535062249E-011
  1.16496171465736840E-011
  1.16563842117550589E-011
  1.16631511456342085E-011
  1.16699179448934728E-011
  1.16766846062894493E-011
  1.16834511266032761E-011
  1.16902175027572289E-011
  1.16969837317446629E-011
  1.17037498105841931E-011
  1.17105157364112494E-011
  1.17172815064386111E-011
  1.17240471179642185E-011
  1.17308125683465833E-011
  1.17375778550867962E-011
  1.17443429756884713E-011
  1.17511079278508832E-011
  1.17578727092770146E-011
  1.17646373178005018E-011
  1.17714017514080374E-011
  1.17781660080830908E-011
  1.17849300860065189E-011
  1.17916939834528166E-011
  1.17984576987633622E-011
  1.18052212304096715E-011
  1.18119845769720440E-011
  1.18187477371763872E-011
  1.18255107097493698E-011
  1.18322734935773755E-011
  1.18390360876582914E-011
  1.18457984911101440E-011
  1.18525607030476175E-011
  1.18593227227776880E-011
  1.18660845496499686E-011
  1.18728461831414259E-011
  1.18796076227740949E-011
  1.18863688681986986E-011
  1.18931299191467167E-011
  1.18998907754379563E-011
  1.19066514369757020E-011
  1.19134119037493958E-011
  1.19201721758456978E-011
  1.19269322534740883E-011
  1.19336921368641068E-011
  1.19404518263731129E-011
  1.19472113224587347E-011
  1.19539706256138344E-011
  1.19607297364686899E-011
  1.19674886557170664E-011
  1.19742473841179072E-011
  1.19810059225170673E-011
  1.19877642718271806E-011
  1.19945224330264254E-011
  1.20012804071339172E-011
  1.20080381952548469E-011
  1.20147957985027870E-011
  1.20215532180415548E-011
  1.20283104550644407E-011
  1.20350675107676707E-011
  1.20418243864066964E-011
  1.20485810832135357E-011
  1.20553376024156453E-011
  1.20620939452641973E-011
  1.20688501129783365E-011
  1.20756061068419342E-011
  1.20823619280369881E-011
  1.20891175778316290E-011
  1.20958730574094182E-011
  1.21026283679692297E-011
  1.21093835107053604E-011
  1.21161384868189089E-011
  1.21228932974529014E-011
  1.21296479437397127E-011
  1.21364024268323663E-011
  1.21431567478190360E-011
  1.21499109078026267E-011
  1.21566649078600709E-011
  1.21634187490900342E-011
  1.21701724325566134E-011
  1.21769259593169096E-011
  1.21836793304630082E-011
  1.21904325470855305E-011
  1.21971856102892184E-011
  1.22039385211750249E-011
  1.22106912808713699E-011
  1.22174438905284010E-011
  1.22241963512846986E-011
  1.22309486643040572E-011
  1.22377008307665648E-011
  1.22444528518122441E-011
  1.22512047286504301E-011
  1.22579564624035357E-011
  1.22647080542615120E-011
  1.22714595053395244E-011
  1.22782108167503748E-011
  1.22849619895902569E-011
  1.22917130249425979E-011
  1.22984639238539993E-011
  1.23052146872945762E-011
  1.23119653162810400E-011
  1.23187158117552990E-011
  1.23254661746443255E-011
  1.23322164058141856E-011
  1.23389665061330199E-011
  1.23457164764082471E-011
  1.23524663174139953E-011
  1.23592160299875506E-011
  1.23659656147969614E-011
  1.23727150726139872E-011
  1.23794644040934676E-011
  1.23862136099200399E-011
  1.23929626907574809E-011
  1.23997116472249807E-011
  1.24064604800118020E-011
  1.24132091897020054E-011
  1.24199577769833092E-011
  1.24267062424614567E-011
  1.24334545867888964E-011
  1.24402028106394736E-011
  1.24469509147009258E-011
  1.24536988996688037E-011
  1.24604467662790688E-011
  1.24671945152823857E-011
  1.24739421474675051E-011
  1.24806896636005901E-011
  1.24874370645779167E-011
  1.24941843512320101E-011
  1.25009315244815429E-011
  1.25076785853078440E-011
  1.25144255346509588E-011
  1.25211723735468745E-011
  1.25279191030887038E-011
  1.25346657243571469E-011
  1.25414122385314143E-011
  1.25481586467776466E-011
  1.25549049503862859E-011
  1.25616511505891010E-011
  1.25683972487597304E-011
  1.25751432463057188E-011
  1.25818891446859592E-011
  1.25886349454318586E-011
  1.25953806502280978E-011
  1.26021262607362793E-011
  1.26088717787957456E-011
  1.26156172063596189E-011
  1.26223625454842282E-011
  1.26291077983568603E-011
  1.26358529673368056E-011
  1.26425980549095398E-011
  1.26493430636621238E-011
  1.26560879964346255E-011
  1.26628328561436935E-011
  1.26695776458950646E-011
  1.26763223689121632E-011
  1.26830670285767846E-011
  1.26898116284353059E-011
  1.26965561721207575E-011
  1.27033006634057634E-011
  1.27100451061843552E-011
  1.27167895044601067E-011
  1.27235338622909154E-011
  1.27302781838465148E-011
  1.27370224733949307E-011
  1.27437667352088031E-011
  1.27505109736668511E-011
  1.27572551931413142E-011
  1.27639993981010807E-011
  1.27707435929715249E-011
  1.27774877822688850E-011
  1.27842319704275825E-011
  1.27909761619431470E-011
  1.27977203613003336E-011
  1.28044645729714558E-011
  1.28112088013887042E-011
  1.28179530509609174E-011
  1.28246973260750332E-011
  1.28314416311003167E-011
  1.28381859703039098E-011
  1.28449303479938322E-011
  1.28516747683557632E-011
  1.28584192355866590E-011
  1.28651637538261092E-011
  1.28719083271197865E-011
  1.28786529595592897E-011
  1.28853976551038654E-011
  1.28921424176960358E-011
  1.28988872512896758E-011
  1.29056321597445473E-011
  1.29123771469231574E-011
  1.29191222166028619E-011
  1.29258673726353627E-011
  1.29326126187383018E-011
  1.29393579586875310E-011
  1.29461033961841697E-011
  1.29528489349670969E-011
  1.29595945786908225E-011
  1.29663403310624774E-011
  1.29730861957387300E-011
  1.29798321763542603E-011
  1.29865782765261854E-011
  1.29933244998490638E-011
  1.30000708498558307E-011
  1.30068173300532732E-011
  1.30135639439321936E-011
  1.30203106948268648E-011
  1.30270575860763630E-011
  1.30338046208814636E-011
  1.30405518023599298E-011
  1.30472991335194920E-011
  1.30540466172035014E-011
  1.30607942561660605E-011
  1.30675420529469047E-011
  1.30742900100003935E-011
  1.30810381295507251E-011
  1.30877864136482752E-011
  1.30945348642348259E-011
  1.31012834830066306E-011
  1.31080322714926455E-011
  1.31147812310324492E-011
  1.31215303628042909E-011
  1.31282796678072466E-011
  1.31350291468626420E-011
  1.31417788005886718E-011
  1.31485286294675047E-011
  1.31552786337987239E-011
  1.31620288136800579E-011
  1.31687791690954364E-011
  1.31755296998271769E-011
  1.31822804055124928E-011
  1.31890312855982297E-011
  1.31957823393808721E-011
  1.32025335660145405E-011
  1.32092849644994047E-011
  1.32160365336460289E-011
  1.32227882721545620E-011
  1.32295401785496027E-011
  1.32362922512722987E-011
  1.32430444885483959E-011
  1.32497968885746374E-011
  1.32565494493555324E-011
  1.32633021687844020E-011
  1.32700550447132472E-011
  1.32768080748101394E-011
  1.32835612566972992E-011
  1.32903145879131100E-011
  1.32970680658655173E-011
  1.33038216879475192E-011
  1.33105754514083879E-011
  1.33173293534476421E-011
  1.33240833912031675E-011
  1.33308375617430158E-011
  1.33375918620826581E-011
  1.33443462891219700E-011
  1.33511008397668323E-011
  1.33578555108837961E-011
  1.33646102992239173E-011
  1.33713652015561491E-011
  1.33781202146563662E-011
  1.33848753351562649E-011
  1.33916305597744939E-011
  1.33983858851806593E-011
  1.34051413079748534E-011
  1.34118968248272671E-011
  1.34186524323684641E-011
  1.34254081272179559E-011
  1.34321639059293108E-011
  1.34389197651539788E-011
  1.34456757014912589E-011
  1.34524317115186540E-011
  1.34591877918228455E-011
  1.34659439390316975E-011
  1.34727001497092067E-011
  1.34794564204887011E-011
  1.34862127479492332E-011
  1.34929691286678682E-011
  1.34997255592969092E-011
  1.35064820364379639E-011
  1.35132385567133614E-011
  1.35199951167199852E-011
  1.35267517131056102E-011
  1.35335083424973782E-011
  1.35402650015556024E-011
  1.35470216868986893E-011
  1.35537783952333244E-011
  1.35605351231607937E-011
  1.35672918674493527E-011
  1.35740486247773316E-011
  1.35808053918575809E-011
  1.35875621654799080E-011
  1.35943189424298017E-011
  1.36010757195270887E-011
  1.36078324936305393E-011
  1.36145892616921107E-011
  1.36213460206379548E-011
  1.36281027675124920E-011
  1.36348594993845272E-011
  1.36416162134300253E-011
  1.36483729068640873E-011
  1.36551295769867844E-011
  1.36618862211894474E-011
  1.36686428368993330E-011
  1.36753994216552768E-011
  1.36821559731200976E-011
  1.36889124889344696E-011
  1.36956689669097295E-011
  1.37024254048293029E-011
  1.37091818006558942E-011
  1.37159381522865291E-011
  1.37226944577156177E-011
  1.37294507150424622E-011
  1.37362069222815900E-011
  1.37429630775209214E-011
  1.37497191788638944E-011
  1.37564752243931479E-011
  1.37632312122130410E-011
  1.37699871404082434E-011
  1.37767430070688693E-011
  1.37834988102142040E-011
  1.37902545478911740E-011
  1.37970102181734098E-011
  1.38037658190134809E-011
  1.38105213484522764E-011
  1.38172768044812029E-011
  1.38240321851040961E-011
  1.38307874883837149E-011
  1.38375427124189060E-011
  1.38442978552637382E-011
  1.38510529150896546E-011
  1.38578078901375327E-011
  1.38645627787456524E-011
  1.38713175792436095E-011
  1.38780722901477879E-011
  1.38848269100441950E-011
  1.38915814375671831E-011
  1.38983358715469523E-011
  1.39050902108955243E-011
  1.39118444546125323E-011
  1.39185986018474296E-011
  1.39253526518612547E-011
  1.39321066040232629E-011
  1.39388604578104046E-011
  1.39456142128432416E-011
  1.39523678688025094E-011
  1.39591214255546121E-011
  1.39658748830134371E-011
  1.39726282412071087E-011
  1.39793815002655280E-011
  1.39861346604343807E-011
  1.39928877220432434E-011
  1.39996406855308238E-011
  1.40063935513603479E-011
  1.40131463202023523E-011
  1.40198989927127265E-011
  1.40266515696446218E-011
  1.40334040518741532E-011
  1.40401564403356133E-011
  1.40469087360458040E-011
  1.40536609401308898E-011
  1.40604130538022298E-011
  1.40671650783524456E-011
  1.40739170151787567E-011
  1.40806688657981898E-011
  1.40874206318097060E-011
  1.40941723149829531E-011
  1.41009239171027721E-011
  1.41076754401873657E-011
  1.41144268862576089E-011
  1.41211782574924812E-011
  1.41279295561448333E-011
  1.41346807845770121E-011
  1.41414319452119282E-011
  1.41481830404474765E-011
  1.41549340728164985E-011
  1.41616850447426836E-011
  1.41684359587283677E-011
  1.41751868171413052E-011
  1.41819376223409789E-011
  1.41886883765705442E-011
  1.41954390819975100E-011
  1.42021897406628280E-011
  1.42089403544678134E-011
  1.42156909251908187E-011
  1.42224414544836188E-011
  1.42291919438137692E-011
  1.42359423945789452E-011
  1.42426928079407378E-011
  1.42494431849800586E-011
  1.42561935265575376E-011
  1.42629438334216906E-011
  1.42696941061310828E-011
  1.42764443450895592E-011
  1.42831945504773596E-011
  1.42899447223682953E-011
  1.42966948605892820E-011
  1.43034449647397881E-011
  1.43101950343217186E-011
  1.43169450685697599E-011
  1.43236950665114063E-011
  1.43304450269862801E-011
  1.43371949486302716E-011
  1.43439448299296078E-011
  1.43506946691034062E-011
  1.43574444642740977E-011
  1.43641942132952469E-011
  1.43709439139668138E-011
  1.43776935638377634E-011
  1.43844431603399651E-011
  1.43911927007918689E-011
  1.43979421823391458E-011
  1.44046916019644738E-011
  1.44114409566168083E-011
  1.44181902430920767E-011
  1.44249394580476614E-011
  1.44316885981145544E-011
  1.44384376597635733E-011
  1.44451866395091117E-011
  1.44519355336753048E-011
  1.44586843386316069E-011
  1.44654330507196357E-011
  1.44721816662131007E-011
  1.44789301813923226E-011
  1.44856785926028482E-011
  1.44924268961349147E-011
  1.44991750883122550E-011
  1.45059231655634653E-011
  1.45126711243500332E-011
  1.45194189612000378E-011
  1.45261666726794597E-011
  1.45329142555619052E-011
  1.45396617066063612E-011
  1.45464090227958495E-011
  1.45531562012057228E-011
  1.45599032390273135E-011
  1.45666501336695916E-011
  1.45733968826524141E-011
  1.45801434837047634E-011
  1.45868899347157293E-011
  1.45936362338209469E-011
  1.46003823792800023E-011
  1.46071283696232219E-011
  1.46138742035270067E-011
  1.46206198799514065E-011
  1.46273653979860736E-011
  1.46341107570186131E-011
  1.46408559565935588E-011
  1.46476009965503988E-011
  1.46543458768746802E-011
  1.46610905978201469E-011
  1.46678351598496841E-011
  1.46745795636579717E-011
  1.46813238101386393E-011
  1.46880679004447316E-011
  1.46948118359256094E-011
  1.47015556181332027E-011
  1.47082992488703352E-011
  1.47150427301570242E-011
  1.47217860642199041E-011
  1.47285292535766930E-011
  1.47352723008261985E-011
  1.47420152089502742E-011
  1.47487579810542402E-011
  1.47555006204668425E-011
  1.47622431307975386E-011
  1.47689855157598557E-011
  1.47757277793789064E-011
  1.47824699258223077E-011
  1.47892119594633667E-011
  1.47959538848807382E-011
  1.48026957068136889E-011
  1.48094374301469012E-011
  1.48161790599708285E-011
  1.48229206015080661E-011
  1.48296620600512905E-011
  1.48364034411296258E-011
  1.48431447502735561E-011
  1.48498859931695605E-011
  1.48566271755559945E-011
  1.48633683032262469E-011
  1.48701093820149912E-011
  1.48768504178670841E-011
  1.48835914166501958E-011
  1.48903323842968980E-011
  1.48970733267285308E-011
  1.49038142498529667E-011
  1.49105551595012928E-011
  1.49172960615129776E-011
  1.49240369616721139E-011
  1.49307778656756303E-011
  1.49375187791925929E-011
  1.49442597076781770E-011
  1.49510006566487307E-011
  1.49577416314244793E-011
  1.49644826372108317E-011
  1.49712236791342041E-011
  1.49779647621474309E-011
  1.49847058910823390E-011
  1.49914470706281572E-011
  1.49981883053051723E-011
  1.50049295994837898E-011
  1.50116709573586199E-011
  1.50184123829264055E-011
  1.50251538800052217E-011
  1.50318954522233217E-011
  1.50386371029617741E-011
  1.50453788353950297E-011
  1.50521206524598900E-011
  1.50588625568295571E-011
  1.50656045509749779E-011
  1.50723466370163002E-011
  1.50790888168665247E-011
  1.50858310921468963E-011
  1.50925734641765095E-011
  1.50993159339230461E-011
  1.51060585021637812E-011
  1.51128011693071224E-011
  1.51195439354265238E-011
  1.51262868003902248E-011
  1.51330297636970702E-011
  1.51397728245745992E-011
  1.51465159819699564E-011
  1.51532592345438782E-011
  1.51600025807163850E-011
  1.51667460186415425E-011
  1.51734895462160824E-011
  1.51802331610725589E-011
  1.51869768606902522E-011
  1.51937206422609390E-011
  1.52004645027315861E-011
  1.52072084389187954E-011
  1.52139524473659698E-011
  1.52206965243838579E-011
  1.52274406661702335E-011
  1.52341848686487635E-011
  1.52409291276209441E-011
  1.52476734386802193E-011
  1.52544177971663085E-011
  1.52611621983705637E-011
  1.52679066373891770E-011
  1.52746511091518350E-011
  1.52813956084767456E-011
  1.52881401300484880E-011
  1.52948846684630463E-011
  1.53016292181856224E-011
  1.53083737736413646E-011
  1.53151183291332508E-011
  1.53218628789716192E-011
  1.53286074173749944E-011
  1.53353519385457061E-011
  1.53420964366745943E-011
  1.53488409059094174E-011
  1.53555853404544247E-011
  1.53623297345004851E-011
  1.53690740822441606E-011
  1.53758183779207651E-011
  1.53825626158139248E-011
  1.53893067902966045E-011
  1.53960508957431554E-011
  1.54027949266274456E-011
  1.54095388775564642E-011
  1.54162827431970903E-011
  1.54230265183930806E-011
  1.54297701980651003E-011
  1.54365137773504678E-011
  1.54432572515213808E-011
  1.54500006160741963E-011
  1.54567438665780308E-011
  1.54634869989325661E-011
  1.54702300091902573E-011
  1.54769728935679616E-011
  1.54837156484944429E-011
  1.54904582706924893E-011
  1.54972007570203847E-011
  1.55039431046099677E-011
  1.55106853107927050E-011
  1.55174273731852503E-011
  1.55241692896316865E-011
  1.55309110582464748E-011
  1.55376526773803658E-011
  1.55443941457274576E-011
  1.55511354621964147E-011
  1.55578766260109508E-011
  1.55646176366473830E-011
  1.55713584938770055E-011
  1.55780991977559567E-011
  1.55848397485565051E-011
  1.55915801468803632E-011
  1.55983203935611804E-011
  1.56050604897129138E-011
  1.56118004366737120E-011
  1.56185402360444024E-011
  1.56252798896625569E-011
  1.56320193996052680E-011
  1.56387587682249114E-011
  1.56454979980145835E-011
  1.56522370917936650E-011
  1.56589760525553121E-011
  1.56657148834495674E-011
  1.56724535879530195E-011
  1.56791921697055053E-011
  1.56859306324866812E-011
  1.56926689802601771E-011
  1.56994072172623208E-011
  1.57061453477467982E-011
  1.57128833762033744E-011
  1.57196213071732000E-011
  1.57263591453523278E-011
  1.57330968954634615E-011
  1.57398345623103266E-011
  1.57465721508508886E-011
  1.57533096658770629E-011
  1.57600471123875439E-011
  1.57667844953476771E-011
  1.57735218196351754E-011
  1.57802590902949293E-011
  1.57869963121440768E-011
  1.57937334901485838E-011
  1.58004706291274947E-011
  1.58072077339307471E-011
  1.58139448092744951E-011
  1.58206818598606919E-011
  1.58274188902977803E-011
  1.58341559051711036E-011
  1.58408929089074286E-011
  1.58476299058931682E-011
  1.58543669004640413E-011
  1.58611038967665524E-011
  1.58678408990035544E-011
  1.58745779112369889E-011
  1.58813149374668913E-011
  1.58880519816046788E-011
  1.58947890475934535E-011
  1.59015261392530871E-011
  1.59082632604603974E-011
  1.59150004150190935E-011
  1.59217376067166450E-011
  1.59284748394740171E-011
  1.59352121170842983E-011
  1.59419494434930463E-011
  1.59486868226675294E-011
  1.59554242585700491E-011
  1.59621617553308734E-011
  1.59688993170619915E-011
  1.59756369479265743E-011
  1.59823746522062346E-011
  1.59891124341138874E-011
  1.59958502980317190E-011
  1.60025882482760968E-011
  1.60093262892235720E-011
  1.60160644252649971E-011
  1.60228026607707840E-011
  1.60295410000982844E-011
  1.60362794476996944E-011
  1.60430180078611474E-011
  1.60497566849298943E-011
  1.60564954832533572E-011
  1.60632344071118728E-011
  1.60699734607860168E-011
  1.60767126484742443E-011
  1.60834519744652350E-011
  1.60901914429894296E-011
  1.60969310581729019E-011
  1.61036708242515597E-011
  1.61104107453289590E-011
  1.61171508256077458E-011
  1.61238910691852302E-011
  1.61306314802284022E-011
  1.61373720627910156E-011
  1.61441128209115083E-011
  1.61508537586803111E-011
  1.61575948800604689E-011
  1.61643361889278721E-011
  1.61710776891887067E-011
  1.61778193845361532E-011
  1.61845612786447159E-011
  1.61913033750380776E-011
  1.61980456771013489E-011
  1.62047881880399775E-011
  1.62115309109829550E-011
  1.62182738487623636E-011
  1.62250170041047135E-011
  1.62317603795128302E-011
  1.62385039772783690E-011
  1.62452477994826361E-011
  1.62519918480021681E-011
  1.62587361244779590E-011
  1.62654806303407274E-011
  1.62722253668061122E-011
  1.62789703348996687E-011
  1.62857155354338984E-011
  1.62924609689802569E-011
  1.62992066360455411E-011
  1.63059525368292210E-011
  1.63126986714276147E-011
  1.63194450397924615E-011
  1.63261916417117477E-011
  1.63329384768380284E-011
  1.63396855446968995E-011
  1.63464328447001321E-011
  1.63531803761408616E-011
  1.63599281381788825E-011
  1.63666761299156602E-011
  1.63734243503223500E-011
  1.63801727982471741E-011
  1.63869214724925816E-011
  1.63936703717533655E-011
  1.64004194945671805E-011
  1.64071688394006631E-011
  1.64139184046100632E-011
  1.64206681884703991E-011
  1.64274181891094508E-011
  1.64341684044103145E-011
  1.64409188322876162E-011
  1.64476694704428149E-011
  1.64544203163290375E-011
  1.64611713672954287E-011
  1.64679226205205983E-011
  1.64746740729134143E-011
  1.64814257212381497E-011
  1.64881775620092593E-011
  1.64949295915577123E-011
  1.65016818059757784E-011
  1.65084342011159835E-011
  1.65151867726509228E-011
  1.65219395159427139E-011
  1.65286924261736438E-011
  1.65354454983031549E-011
  1.65421987270543293E-011
  1.65489521069073908E-011
  1.65557056321595946E-011
  1.65624592968361086E-011
  1.65692130948194765E-011
  1.65759670197566507E-011
  1.65827210651336809E-011
  1.65894752241447738E-011
  1.65962294899653532E-011
  1.66029838555618152E-011
  1.66097383136234018E-011
  1.66164928568702290E-011
  1.66232474777378754E-011
  1.66300021686902765E-011
  1.66367569218908071E-011
  1.66435117295228207E-011
  1.66502665835470973E-011
  1.66570214759389091E-011
  1.66637763984747366E-011
  1.66705313428808705E-011
  1.66772863007532625E-011
  1.66840412635926640E-011
  1.66907962229125865E-011
  1.66975511700069669E-011
  1.67043060962574558E-011
  1.67110609928635040E-011
  1.67178158510389800E-011
  1.67245706619517663E-011
  1.67313254167885960E-011
  1.67380801066844774E-011
  1.67448347227651100E-011
  1.67515892561969060E-011
  1.67583436981577678E-011
  1.67650980398962374E-011
  1.67718522726734200E-011
  1.67786063878674407E-011
  1.67853603768358422E-011
  1.67921142311910745E-011
  1.67988679424926383E-011
  1.68056215025057535E-011
  1.68123749031715548E-011
  1.68191281365377444E-011
  1.68258811948228693E-011
  1.68326340704336151E-011
  1.68393867560066010E-011
  1.68461392443431262E-011
  1.68528915285102150E-011
  1.68596436017337624E-011
  1.68663954575253862E-011
  1.68731470895494452E-011
  1.68798984918217335E-011
  1.68866496585239241E-011
  1.68934005840119020E-011
  1.69001512630536140E-011
  1.69069016904375122E-011
  1.69136518613336759E-011
  1.69204017711615991E-011
  1.69271514155357704E-011
  1.69339007902806177E-011
  1.69406498915945966E-011
  1.69473987158489303E-011
  1.69541472597469325E-011
  1.69608955201307444E-011
  1.69676434942669249E-011
  1.69743911796411874E-011
  1.69811385740657428E-011
  1.69878856755536191E-011
  1.69946324824836909E-011
  1.70013789935640993E-011
  1.70081252077089951E-011
  1.70148711241716509E-011
  1.70216167425225692E-011
  1.70283620625965305E-011
  1.70351070845094239E-011
  1.70418518086269214E-011
  1.70485962356432733E-011
  1.70553403664951645E-011
  1.70620842022478358E-011
  1.70688277443601331E-011
  1.70755709943900965E-011
  1.70823139542019067E-011
  1.70890566257216633E-011
  1.70957990111334303E-011
  1.71025411128399831E-011
  1.71092829332439971E-011
  1.71160244749447289E-011
  1.71227657407664317E-011
  1.71295067335153966E-011
  1.71362474561861271E-011
  1.71429879118522875E-011
  1.71497281036693134E-011
  1.71564680349455556E-011
  1.71632077090254345E-011
  1.71699471293268605E-011
  1.71766862993674741E-011
  1.71834252227589719E-011
  1.71901639031077032E-011
  1.71969023440662067E-011
  1.72036405494049331E-011
  1.72103785227988328E-011
  1.72171162679665478E-011
  1.72238537886364041E-011
  1.72305910884861243E-011
  1.72373281710937492E-011
  1.72440650400302175E-011
  1.72508016987894237E-011
  1.72575381506979136E-011
  1.72642743990289312E-011
  1.72710104469301508E-011
  1.72777462974171110E-011
  1.72844819533022518E-011
  1.72912174173798604E-011
  1.72979526921551178E-011
  1.73046877800468779E-011
  1.73114226832526591E-011
  1.73181574038011477E-011
  1.73248919435112459E-011
  1.73316263040842124E-011
  1.73383604868806428E-011
  1.73450944931833715E-011
  1.73518283240326105E-011
  1.73585619801836176E-011
  1.73652954622786308E-011
  1.73720287707229168E-011
  1.73787619056586925E-011
  1.73854948670725907E-011
  1.73922276546617661E-011
  1.73989602679597343E-011
  1.74056927062459563E-011
  1.74124249685882834E-011
  1.74191570537804797E-011
  1.74258889604190910E-011
  1.74326206868735085E-011
  1.74393522312489780E-011
  1.74460835914938816E-011
  1.74528147652062160E-011
  1.74595457498243871E-011
  1.74662765426075642E-011
  1.74730071404578234E-011
  1.74797375401679755E-011
  1.74864677382479839E-011
  1.74931977310956257E-011
  1.74999275148571730E-011
  1.75066570854516625E-011
  1.75133864387827309E-011
  1.75201155705033857E-011
  1.75268444761832510E-011
  1.75335731512648878E-011
  1.75403015912023118E-011
  1.75470297913297752E-011
  1.75537577469826031E-011
  1.75604854535256985E-011
  1.75672129063419944E-011
  1.75739401009022830E-011
  1.75806670327319984E-011
  1.75873936974919193E-011
  1.75941200910097336E-011
  1.76008462092659253E-011
  1.76075720484482514E-011
  1.76142976049726064E-011
  1.76210228754592400E-011
  1.76277478568363459E-011
  1.76344725462910578E-011
  1.76411969412385266E-011
  1.76479210395118268E-011
  1.76546448390992228E-011
  1.76613683384822113E-011
  1.76680915363238681E-011
  1.76748144316412344E-011
  1.76815370238060570E-011
  1.76882593125014027E-011
  1.76949812976798252E-011
  1.77017029797295757E-011
  1.77084243592220584E-011
  1.77151454370808560E-011
  1.77218662145766536E-011
  1.77285866931779489E-011
  1.77353068746535382E-011
  1.77420267611498100E-011
  1.77487463548375834E-011
  1.77554656583755042E-011
  1.77621846744275107E-011
  1.77689034060276529E-011
  1.77756218563115012E-011
  1.77823400286220025E-011
  1.77890579264616788E-011
  1.77957755535739520E-011
  1.78024929136985412E-011
  1.78092100108968612E-011
  1.78159268491813261E-011
  1.78226434327539487E-011
  1.78293597660770615E-011
  1.78360758534109807E-011
  1.78427916994083194E-011
  1.78495073085752085E-011
  1.78562226856350853E-011
  1.78629378353016611E-011
  1.78696527623234114E-011
  1.78763674714859540E-011
  1.78830819677097956E-011
  1.78897962557673385E-011
  1.78965103405024877E-011
  1.79032242267872305E-011
  1.79099379194166584E-011
  1.79166514231414249E-011
  1.79233647427274248E-011
  1.79300778828819135E-011
  1.79367908482443371E-011
  1.79435036433480976E-011
  1.79502162727196631E-011
  1.79569287408441038E-011
  1.79636410521247445E-011
  1.79703532108540579E-011
  1.79770652213660634E-011
  1.79837770878764515E-011
  1.79904888145311611E-011
  1.79972004056207201E-011
  1.80039118651807163E-011
  1.80106231974273218E-011
  1.80173344064667838E-011
  1.80240454964354093E-011
  1.80307564714963887E-011
  1.80374673357952247E-011
  1.80441780935493399E-011
  1.80508887489681917E-011
  1.80575993062255169E-011
  1.80643097695277358E-011
  1.80710201430878538E-011
  1.80777304311034246E-011
  1.80844406377796311E-011
  1.80911507672422593E-011
  1.80978608236276680E-011
  1.81045708109922573E-011
  1.81112807333719155E-011
  1.81179905946990078E-011
  1.81247003989221711E-011
  1.81314101498775396E-011
  1.81381198512841916E-011
  1.81448295068646823E-011
  1.81515391202342885E-011
  1.81582486949252330E-011
  1.81649582343774109E-011
  1.81716677420430768E-011
  1.81783772211993813E-011
  1.81850866750507542E-011
  1.81917961068249447E-011
  1.81985055195554374E-011
  1.82052149161851471E-011
  1.82119242997354091E-011
  1.82186336729392766E-011
  1.82253430385673167E-011
  1.82320523992110315E-011
  1.82387617574521872E-011
  1.82454711156422710E-011
  1.82521804760480065E-011
  1.82588898409298877E-011
  1.82655992122119755E-011
  1.82723085918368907E-011
  1.82790179815949299E-011
  1.82857273830140057E-011
  1.82924367975287302E-011
  1.82991462265223983E-011
  1.83058556711010765E-011
  1.83125651323317729E-011
  1.83192746109835521E-011
  1.83259841077984276E-011
  1.83326936233228747E-011
  1.83394031580320572E-011
  1.83461127121354941E-011
  1.83528222858260767E-011
  1.83595318791489834E-011
  1.83662414919951846E-011
  1.83729511241714884E-011
  1.83796607754181375E-011
  1.83863704453352935E-011
  1.83930801334692542E-011
  1.83997898392330510E-011
  1.84064995620800242E-011
  1.84132093012924556E-011
  1.84199190561406556E-011
  1.84266288258340367E-011
  1.84333386095712902E-011
  1.84400484064653554E-011
  1.84467582156119591E-011
  1.84534680360282169E-011
  1.84601778667515038E-011
  1.84668877067714283E-011
  1.84735975550645904E-011
  1.84803074105081698E-011
  1.84870172720188542E-011
  1.84937271384879790E-011
  1.85004370086825895E-011
  1.85071468813743162E-011
  1.85138567552902314E-011
  1.85205666290855300E-011
  1.85272765013763261E-011
  1.85339863707037154E-011
  1.85406962355578023E-011
  1.85474060943317208E-011
  1.85541159453895467E-011
  1.85608257870293494E-011
  1.85675356174876638E-011
  1.85742454349440658E-011
  1.85809552375462168E-011
  1.85876650233579133E-011
  1.85943747904784266E-011
  1.86010845368814260E-011
  1.86077942605959920E-011
  1.86145039595804718E-011
  1.86212136318004534E-011
  1.86279232752022024E-011
  1.86346328876982800E-011
  1.86413424671536071E-011
  1.86480520115200457E-011
  1.86547615185195662E-011
  1.86614709860958171E-011
  1.86681804119803169E-011
  1.86748897938956370E-011
  1.86815991295851512E-011
  1.86883084166461712E-011
  1.86950176527458506E-011
  1.87017268353828824E-011
  1.87084359621080366E-011
  1.87151450303521969E-011
  1.87218540375423209E-011
  1.87285629809624903E-011
  1.87352718579682057E-011
  1.87419806657554667E-011
  1.87486894015147481E-011
  1.87553980624240681E-011
  1.87621066454824221E-011
  1.87688151478258135E-011
  1.87755235663893378E-011
  1.87822318980892075E-011
  1.87889401399344020E-011
  1.87956482887748594E-011
  1.88023563414631606E-011
  1.88090642948949647E-011
  1.88157721459153401E-011
  1.88224798913589348E-011
  1.88291875281651838E-011
  1.88358950531708031E-011
  1.88426024633637631E-011
  1.88493097556984008E-011
  1.88560169271850401E-011
  1.88627239748930155E-011
  1.88694308959440972E-011
  1.88761376875281749E-011
  1.88828443468667101E-011
  1.88895508713068120E-011
  1.88962572582338981E-011
  1.89029635051125050E-011
  1.89096696095587302E-011
  1.89163755692390102E-011
  1.89230813819573258E-011
  1.89297870456340480E-011
  1.89364925583503956E-011
  1.89431979183044979E-011
  1.89499031238530475E-011
  1.89566081735391886E-011
  1.89633130660280360E-011
  1.89700178002272040E-011
  1.89767223750622398E-011
  1.89834267898611561E-011
  1.89901310439146651E-011
  1.89968351368283436E-011
  1.90035390683827271E-011
  1.90102428384188870E-011
  1.90169464471704858E-011
  1.90236498948197196E-011
  1.90303531818846782E-011
  1.90370563090542769E-011
  1.90437592770887304E-011
  1.90504620870675449E-011
  1.90571647400988709E-011
  1.90638672375794740E-011
  1.90705695810348530E-011
  1.90772717720577959E-011
  1.90839738125195208E-011
  1.90906757043861102E-011
  1.90973774497313122E-011
  1.91040790508176985E-011
  1.91107805099967529E-011
  1.91174818297457715E-011
  1.91241830125936749E-011
  1.91308840612527204E-011
  1.91375849784519578E-011
  1.91442857669759452E-011
  1.91509864297666603E-011
  1.91576869696275443E-011
  1.91643873895607717E-011
  1.91710876925189312E-011
  1.91777878814891661E-011
  1.91844879593915627E-011
  1.91911879293262131E-011
  1.91978877941319269E-011
  1.92045875567751125E-011
  1.92112872202161009E-011
  1.92179867873210535E-011
  1.92246862609624906E-011
  1.92313856438784253E-011
  1.92380849388792328E-011
  1.92447841486807021E-011
  1.92514832759188253E-011
  1.92581823231882159E-011
  1.92648812930353494E-011
  1.92715801880108469E-011
  1.92782790105454239E-011
  1.92849777630301590E-011
  1.92916764478445988E-011
  1.92983750672545816E-011
  1.93050736235158873E-011
  1.93117721188166894E-011
  1.93184705552758631E-011
  1.93251689349414265E-011
  1.93318672598402017E-011
  1.93385655318234576E-011
  1.93452637527598050E-011
  1.93519619243845168E-011
  1.93586600484072947E-011
  1.93653581264330629E-011
  1.93720561599284837E-011
  1.93787541503491461E-011
  1.93854520990710846E-011
  1.93921500073141094E-011
  1.93988478763390150E-011
  1.94055457073262561E-011
  1.94122435013559591E-011
  1.94189412594164144E-011
  1.94256389826011838E-011
  1.94323366718911678E-011
  1.94390343282496957E-011
  1.94457319526214271E-011
  1.94524295460282017E-011
  1.94591271093650417E-011
  1.94658246436608919E-011
  1.94725221498956060E-011
  1.94792196290691192E-011
  1.94859170822547663E-011
  1.94926145105211742E-011
  1.94993119149310955E-011
  1.95060092966356585E-011
  1.95127066567849579E-011
  1.95194039966213930E-011
  1.95261013173565605E-011
  1.95327986202433998E-011
  1.95394959065909696E-011
  1.95461931777234212E-011
  1.95528904350177939E-011
  1.95595876798465838E-011
  1.95662849135839125E-011
  1.95729821376918862E-011
  1.95796793534545608E-011
  1.95863765623815407E-011
  1.95930737659108021E-011
  1.95997709654126051E-011
  1.96064681622754014E-011
  1.96131653579347016E-011
  1.96198625537927320E-011
  1.96265597512049798E-011
  1.96332569515558643E-011
  1.96399541562733641E-011
  1.96466513666852981E-011
  1.96533485841806285E-011
  1.96600458101629741E-011
  1.96667430460688924E-011
  1.96734402932818172E-011
  1.96801375532001005E-011
  1.96868348273094749E-011
  1.96935321170943324E-011
  1.97002294239661466E-011
  1.97069267494404451E-011
  1.97136240950624043E-011
  1.97203214622505002E-011
  1.97270188525905704E-011
  1.97337162675282487E-011
  1.97404137086178754E-011
  1.97471111772492496E-011
  1.97538086748747228E-011
  1.97605062029145446E-011
  1.97672037627030674E-011
  1.97739013555752409E-011
  1.97805989827301961E-011
  1.97872966454161386E-011
  1.97939943446972656E-011
  1.98006920816480426E-011
  1.98073898572326261E-011
  1.98140876722740319E-011
  1.98207855275852135E-011
  1.98274834238345976E-011
  1.98341813615564169E-011
  1.98408793411911741E-011
  1.98475773631112201E-011
  1.98542754275228490E-011
  1.98609735344996705E-011
  1.98676716840212407E-011
  1.98743698759670466E-011
  1.98810681101362481E-011
  1.98877663861017357E-011
  1.98944647035559856E-011
  1.99011630619501666E-011
  1.99078614606827827E-011
  1.99145598991124847E-011
  1.99212583766424262E-011
  1.99279568924795122E-011
  1.99346554458712152E-011
  1.99413540360905112E-011
  1.99480526623038091E-011
  1.99547513237616605E-011
  1.99614500196819855E-011
  1.99681487492673466E-011
  1.99748475117502557E-011
  1.99815463064005322E-011
  1.99882451325390253E-011
  1.99949439893987768E-011
  2.00016428764062309E-011
  2.00083417929098018E-011
  2.00150407383276745E-011
  2.00217397121285568E-011
  2.00284387138269228E-011
  2.00351377429232038E-011
  2.00418367990283147E-011
  2.00485358817517553E-011
  2.00552349907247063E-011
  2.00619341256160564E-011
  2.00686332861774995E-011
  2.00753324720787936E-011
  2.00820316831675337E-011
  2.00887309191054773E-011
  2.00954301798059321E-011
  2.01021294650918491E-011
  2.01088287748028036E-011
  2.01155281088663334E-011
  2.01222274672459844E-011
  2.01289268499540125E-011
  2.01356262570015456E-011
  2.01423256885561786E-011
  2.01490251448911135E-011
  2.01557246261909603E-011
  2.01624241329639794E-011
  2.01691236656103939E-011
  2.01758232248210222E-011
  2.01825228112776875E-011
  2.01892224257733974E-011
  2.01959220693479664E-011
  2.02026217430066678E-011
  2.02093214480646573E-011
  2.02160211857232435E-011
  2.02227209575124424E-011
  2.02294207650169059E-011
  2.02361206099955010E-011
  2.02428204942791501E-011
  2.02495204197378564E-011
  2.02562203885672061E-011
  2.02629204029180594E-011
  2.02696204651035979E-011
  2.02763205776422343E-011
  2.02830207430276984E-011
  2.02897209639433093E-011
  2.02964212431903818E-011
  2.03031215836859782E-011
  2.03098219884357076E-011
  2.03165224605704778E-011
  2.03232230032723944E-011
  2.03299236199325231E-011
  2.03366243139016982E-011
  2.03433250886827034E-011
  2.03500259478266701E-011
  2.03567268948967242E-011
  2.03634279335495306E-011
  2.03701290673966568E-011
  2.03768303001213862E-011
  2.03835316353368438E-011
  2.03902330766093443E-011
  2.03969346275233426E-011
  2.04036362915545513E-011
  2.04103380721806835E-011
  2.04170399727204296E-011
  2.04237419965110628E-011
  2.04304441467189981E-011
  2.04371464264964012E-011
  2.04438488388697934E-011
  2.04505513867886359E-011
  2.04572540731395369E-011
  2.04639569006644775E-011
  2.04706598720517331E-011
  2.04773629899207425E-011
  2.04840662567898311E-011
  2.04907696750922510E-011
  2.04974732472527334E-011
  2.05041769754574780E-011
  2.05108808619546905E-011
  2.05175849088987273E-011
  2.05242891183592106E-011
  2.05309934922787964E-011
  2.05376980326349345E-011
  2.05444027412845548E-011
  2.05511076199947478E-011
  2.05578126705281416E-011
  2.05645178944996448E-011
  2.05712232935958336E-011
  2.05779288693243995E-011
  2.05846346230838078E-011
  2.05913405564399340E-011
  2.05980466706454914E-011
  2.06047529669812077E-011
  2.06114594467434525E-011
  2.06181661110051858E-011
  2.06248729608274219E-011
  2.06315799971232904E-011
  2.06382872207696870E-011
  2.06449946324676213E-011
  2.06517022328026661E-011
  2.06584100221342475E-011
  2.06651180008589374E-011
  2.06718261690780813E-011
  2.06785345266968380E-011
  2.06852430736864984E-011
  2.06919518096380895E-011
  2.06986607341839878E-011
  2.07053698467254341E-011
  2.07120791466078990E-011
  2.07187886329442636E-011
  2.07254983048424849E-011
  2.07322081612591260E-011
  2.07389182010073832E-011
  2.07456284228406469E-011
  2.07523388253381567E-011
