6.032029338575647125e+04
6.027485452558386169e+04
6.013879746357335534e+04
5.991290692683701491e+04
5.959847674814464699e+04
5.919728942841667595e+04
5.871158864828120568e+04
5.814404574494867848e+04
5.749772132580984908e+04
5.677602326469468244e+04
5.598266233254297549e+04
5.512160665177272313e+04
5.419703605863045959e+04
5.321329731485920638e+04
5.217486095230661158e+04
5.108628036827216420e+04
4.995215363122646522e+04
4.877708831149659818e+04
4.756566951864883595e+04
4.632243122231560119e+04
4.505183084041067923e+04
4.375822701043683628e+04
4.244586040845590469e+04
4.111883744217707135e+04
3.978111662186017202e+04
3.843649740153301536e+04
3.708861127653961739e+04
3.574091492662116798e+04
3.439668519985133753e+04
3.305901574214235734e+04
3.173081508963202577e+04
3.041480605192913936e+04
2.911352623046030931e+04
2.782932952769664917e+04
2.656438851570654515e+04
2.532069754605167327e+04
2.410007649405694974e+04
2.290417504065883986e+04
2.173447740589861496e+04
2.059230745677563027e+04
1.947883412019695606e+04
1.839507703908652911e+04
1.734191241692986659e+04
1.632007900177782722e+04
1.533018416560325022e+04
1.437271004083927073e+04
1.344801967939352835e+04
1.255636320413199792e+04
1.169788392652940456e+04
1.087262440703452194e+04
1.008053243886632299e+04
9.321466937672834320e+03
8.595203722713009483e+03
7.901441177374963445e+03
7.239805778393636501e+03
6.609857485643824475e+03
6.011094985495047695e+03
5.442960782312276024e+03
4.904846134322460784e+03
4.396095830628645672e+03
3.916012807603407055e+03
3.463862603356752970e+03
3.038877649679128808e+03
2.640261401255703731e+03
2.267192302351064427e+03
1.918827591461932116e+03
1.594306944604470345e+03
1.292755958148066156e+03
1.013289472278991184e+03
7.550147361841961811e+02
5.170344163315602373e+02
2.984494491645947392e+02
9.836173972146588085e+01
-8.412329216331860948e+01
-2.498943163940209331e+02
-3.998318459810199101e+02
-5.348061371559252848e+02
-6.556752340216642096e+02
-7.632831552960213912e+02
-8.584582204862873596e+02
-9.420115126083369432e+02
-1.014735474364566016e+03
-1.077402634462050173e+03
-1.130764460592684827e+03
-1.175550335416662165e+03
-1.212466651735980349e+03
-1.242196023021013161e+03
-1.265396605292288314e+03
-1.282701526368467512e+03
-1.294718418439094648e+03
-1.302029049935398689e+03
-1.305189052653484850e+03
-1.304727740113670961e+03
-1.301148013180788212e+03
-1.294926348966518617e+03
-1.286512869164330368e+03
-1.276331483845384128e+03
-1.264780106865868447e+03
-1.252230938973225193e+03
-1.239030814695357776e+03
-1.225501609075706483e+03
-1.211940700268097089e+03
-1.198621484097412576e+03
-1.185793936663277918e+03
-1.173685220977490644e+03
-1.162500333764538709e+03
-1.152422788455765385e+03
-1.143615330464228691e+03
-1.136220680870477054e+03
-1.130362304694433533e+03
-1.126145200022328254e+03
-1.123656704384716477e+03
-1.122967314789031889e+03
-1.124131518013127106e+03
-1.127188627824995592e+03
-1.132163625939951544e+03
-1.139068003666018512e+03
-1.147900601406720170e+03
-1.158648443204879641e+03
-1.171287563845935210e+03
-1.185783826104337777e+03
-1.202093725812434286e+03
-1.220165182606717053e+03
-1.239938314366409713e+03
-1.261346193340657464e+03
-1.284315582285729988e+03
-1.308767648935561283e+03
-1.334618657535622333e+03
-1.361780636200793424e+03
-1.390162019278180196e+03
-1.419668263933401477e+03
-1.450202440482761176e+03
-1.481665795984551778e+03
-1.513958290834901163e+03
-1.546979108062784007e+03
-1.580627135130732086e+03
-1.614801418123135818e+03
-1.649401588231370397e+03
-1.684328260555438646e+03
-1.719483405355344757e+03
-1.754770691949353477e+03
-1.790095805675012798e+03
-1.825366738358705788e+03
-1.860494052852764071e+03
-1.895391122307313935e+03
-1.929974344935123099e+03
-1.964163335020384011e+03
-1.997881091028738410e+03
-2.031054141600488492e+03
-2.063612670264378721e+03
-2.095490619565531688e+03
-2.126625775338772655e+03
-2.156959831794882120e+03
-2.186438438051642606e+03
-2.215011226837145841e+03
-2.242631826176575487e+03
-2.269257854870403662e+03
-2.294850902792982197e+03
-2.319376496987267728e+03
-2.342804054518618159e+03
-2.365106823254241135e+03
-2.386261811533958280e+03
-2.406249707858315560e+03
-2.425054791635416223e+03
-2.442664836124909471e+03
-2.459071004676325174e+03
-2.474267741288526850e+03
-2.488252656402713910e+03
-2.501026408754109980e+03
-2.512592583891594586e+03
-2.522957569914146916e+03
-2.532130430929947579e+03
-2.540122778779360488e+03
-2.546948643469362196e+03
-2.552624342846450418e+03
-2.557168351882457046e+03
-2.560601172153308198e+03
-2.562945201602334691e+03
-2.564224605084515133e+03
-2.564465185692901287e+03
-2.563694257036184354e+03
-2.561940516471662704e+03
-2.559233919285409229e+03
-2.555605553727206825e+03
-2.551087516957441494e+03
-2.545712791850032772e+03
-2.539515124680782719e+03
-2.532528903812581575e+03
-2.524789039408533881e+03
-2.516330844290107052e+03
-2.507189915986685719e+03
-2.497402020160766824e+03
-2.487002975508222789e+03
-2.476028540335562411e+03
-2.464514301193874871e+03
-2.452495563892257906e+03
-2.440007247424908201e+03
-2.427083781359045133e+03
-2.413759007247752379e+03
-2.400066084761652746e+03
-2.386037403131913834e+03
-2.371704498554368001e+03
-2.357097978093761412e+03
-2.342247450709270652e+03
-2.327181465839573320e+03
-2.311927460076523857e+03
-2.296511712282182089e+03
-2.280959307590612752e+03
-2.265294110420349625e+03
-2.249538746723740587e+03
-2.233714595433103113e+03
-2.217841788987499058e+03
-2.201939222555383822e+03
-2.186024571620678671e+03
-2.170114317179233240e+03
-2.154223777819304814e+03
-2.138367147727101838e+03
-2.122557539598587937e+03
-2.106807031506594285e+03
-2.091126716607479921e+03
-2.075526754773818539e+03
-2.060016425152991360e+03
-2.044604178678927155e+03
-2.029297689696789348e+03
-2.014103905899002257e+03
-1.999029095848582301e+03
-1.984078893640007891e+03
-1.969258340225412667e+03
-1.954571921320597767e+03
-1.940023601743215067e+03
-1.925616856387110147e+03
-1.911354697908688649e+03
-1.897239701546653578e+03
-1.883274027335715573e+03
-1.869459440094468619e+03
-1.855797327555914535e+03
-1.842288716923060520e+03
-1.828934290142600958e+03
-1.815734398088163289e+03
-1.802689073830278176e+03
-1.789798045102112610e+03
-1.777060745975651344e+03
-1.764476327790499909e+03
-1.752043669278589960e+03
-1.739761385874867074e+03
-1.727627838121159357e+03
-1.715641139226397172e+03
-1.703799161675071900e+03
-1.692099543110478407e+03
-1.680539691486460924e+03
-1.669116789782505975e+03
-1.657827800508460541e+03
-1.646669470311289615e+03
-1.635638334976921215e+03
-1.624730725198738810e+03
-1.613942773438539234e+03
-1.603270422176197826e+03
-1.592709433806766356e+03
-1.582255402416705692e+03
-1.571903767671575906e+03
-1.561649830910447236e+03
-1.551488773561760354e+03
-1.541415677874212406e+03
-1.531425549879506434e+03
-1.521513344344385587e+03
-1.511673991452178825e+03
-1.501902424665142007e+03
-1.492193609297758258e+03
-1.482542571111255484e+03
-1.472944424217878350e+03
-1.463394397476564336e+03
-1.453887858629027960e+03
-1.444420335428297676e+03
-1.434987533173458360e+03
-1.425585348242962937e+03
-1.416209877433662996e+03
-1.406857423211642981e+03
-1.397524495020235690e+03
-1.388207807143832952e+03
-1.378904273541185376e+03
-1.369611000298956924e+03
-1.360325276422687239e+03
-1.351044563610196519e+03
-1.341766485810573840e+03
-1.332488819244449132e+03
-1.323209483559048522e+03
-1.313926534618721007e+03
-1.304638159362207716e+03
-1.295342672983422744e+03
-1.286038518490681099e+03
-1.276724268592656244e+03
-1.267398629670060927e+03
-1.258060447468026950e+03
-1.248708714076654815e+03
-1.239342575690880267e+03
-1.229961340573748430e+03
-1.220564486744837723e+03
-1.211151668851573959e+03
-1.201722723836978275e+03
-1.192277675012570626e+03
-1.182816734261456304e+03
-1.173340302232534896e+03
-1.163848966332262762e+03
-1.154343496574869505e+03
-1.144824839304154239e+03
-1.135294108935889199e+03
-1.125752577988831717e+03
-1.116201665649100960e+03
-1.106642925291344909e+03
-1.097078031264218680e+03
-1.087508765353034732e+03
-1.077937003279489545e+03
-1.068364701517364438e+03
-1.058793884764551876e+03
-1.049226634304700156e+03
-1.039665077506924035e+03
-1.030111378630741910e+03
-1.020567731161272604e+03
-1.011036351730779415e+03
-1.001519475689440242e+03
-9.920193542707548886e+02
-9.825382532293510849e+02
-9.730784526925104956e+02
-9.636422479381816402e+02
-9.542319507431183183e+02
-9.448498908528666789e+02
-9.354984172078333131e+02
-9.261798985172002858e+02
-9.168967228621837648e+02
-9.076512960910529273e+02
-8.984460388956525776e+02
-8.892833826025553208e+02
-8.801657637676069044e+02
-8.710956177871331647e+02
-8.620753716448620025e+02
-8.531074359130210496e+02
-8.441941960568112790e+02
-8.353380030418353499e+02
-8.265411633723026625e+02
-8.178059287068937238e+02
-8.091344853551729557e+02
-8.005289439246575967e+02
-7.919913294867866398e+02
-7.835235725468081682e+02
-7.751275010710824063e+02
-7.668048337802844117e+02
-7.585571748049331973e+02
-7.503860097446777218e+02
-7.422927031241837312e+02
-7.342784971529139284e+02
-7.263445116357235065e+02
-7.184917448873455896e+02
-7.107210754401836539e+02
-7.030332642930125076e+02
-6.954289575166528721e+02
-6.879086889233710735e+02
-6.804728826535242661e+02
-6.731218553875243060e+02
-6.658558181845863828e+02
-6.586748777865537932e+02
-6.515790374797990125e+02
-6.445681975781554911e+02
-6.376421557098973381e+02
-6.308006071034252500e+02
-6.240431450979833699e+02
-6.173692621129677036e+02
-6.107783512879842647e+02
-6.042697090308597581e+02
-5.978425386382562010e+02
-5.914959551309470953e+02
-5.852289913865988638e+02
-5.790406055563361178e+02
-5.729296897144988634e+02
-5.668950796216157642e+02
-5.609355653942287745e+02
-5.550499028996188144e+02
-5.492368256715687949e+02
-5.434950571406313884e+02
-5.378233229615104847e+02
-5.322203633101338482e+02
-5.266849449536260863e+02
-5.212158729176607039e+02
-5.158120015409439247e+02
-5.104722447066984046e+02
-5.051955850017511125e+02
-4.999810816282767973e+02
-4.948278768086116202e+02
-4.897352005810576543e+02
-4.847023738682378280e+02
-4.797288098092731161e+02
-4.748140133638613634e+02
-4.699575793351087896e+02
-4.651591889753362352e+02
-4.604186053497226681e+02
-4.557356677506315350e+02
-4.511102853747181598e+02
-4.465424304839858110e+02
-4.420321312217816967e+02
-4.375794641819940693e+02
-4.331845467748209444e+02
-4.288475293816397880e+02
-4.245685872244945926e+02
-4.203479119455799946e+02
-4.161857029118791047e+02
-4.120821582941082966e+02
-4.080374660601943333e+02
-4.040517950293443050e+02
-4.001252860877902435e+02
-3.962580436638933179e+02
-3.924501274685925409e+02
-3.887015445685247528e+02
-3.850122418090706446e+02
-3.813820986482496096e+02
-3.778109205196905123e+02
-3.742984328610887701e+02
-3.708442759708783569e+02
-3.674480008651707976e+02
-3.641090663012219579e+02
-3.608268370901688513e+02
-3.576005837997539629e+02
-3.544294839493394988e+02
-3.513126247245138529e+02
-3.482490071777774574e+02
-3.452375519261730688e+02
-3.422771062614177140e+02
-3.393664525637065026e+02
-3.365043178893203049e+02
-3.336893845776031640e+02
-3.309203016731333378e+02
-3.281956970030718139e+02
-3.255141897388658663e+02
-3.228744032658567562e+02
-3.202749782394198519e+02
-3.177145856344421873e+02
-3.151919397003518384e+02
-3.127058106242240569e+02
-3.102550367544048413e+02
-3.078385361777716298e+02
-3.054553174637026700e+02
-3.031044893117449988e+02
-3.007852688735746938e+02
-2.984969884691440711e+02
-2.962391004105232355e+02
-2.940111797151987503e+02
-2.918129244370010724e+02
-2.896441534839985934e+02
-2.875048018114871979e+02
-2.853949129765306907e+02
-2.833146292191225371e+02
-2.812641792558053453e+02
-2.792438640830450822e+02
-2.772540412055585080e+02
-2.752951077379109392e+02
-2.733674828075969003e+02
-2.714715898115914570e+02
-2.696078389347647999e+02
-2.677766104299277572e+02
-2.659782390287638236e+02
-2.642129998924427241e+02
-2.624810963296845330e+02
-2.607826495522379560e+02
-2.591176905544610918e+02
-2.574861542122044966e+02
-2.558878755792788695e+02
-2.543225883128951637e+02
-2.527899251101551386e+02
-2.512894200478503421e+02
-2.498205126723829324e+02
-2.483825536516795012e+02
-2.469748118212237102e+02
-2.455964824112190001e+02
-2.442466962478094956e+02
-2.429245297209492946e+02
-2.416290152181302631e+02
-2.403591518658737982e+02
-2.391139163442337292e+02
-2.378922735049084736e+02
-2.366931866485323610e+02
-2.355156272186915203e+02
-2.343585837586180958e+02
-2.332210699307852906e+02
-2.321021314836322347e+02
-2.310008521109701860e+02
-2.299163581505552543e+02
-2.288478223018436779e+02
-2.277944665374436113e+02
-2.267555644979555041e+02
-2.257304436934170440e+02
-2.247184878375715016e+02
-2.237191395333384207e+02
-2.227319034589673947e+02
-2.217563500782518133e+02
-2.207921197635660349e+02
-2.198389271324113849e+02
-2.188965653495361039e+02
-2.179649100641908319e+02
-2.170439226655281004e+02
-2.161336525149014562e+02
-2.152342379258094240e+02
-2.143459055919167895e+02
-2.134689683125808699e+02
-2.126038209389670044e+02
-2.117509344610814992e+02
-2.109108483004085315e+02
-2.100841608833539453e+02
-2.092715186427529375e+02
-2.084736035723133512e+02
-2.076911195747951240e+02
-2.069247777508695378e+02
-2.061752808448987651e+02
-2.054433070654879714e+02
-2.047294934791717651e+02
-2.040344192123708353e+02
-2.033585886743232720e+02
-2.027024150556128745e+02
-2.020662043328920277e+02
-2.014501400059806144e+02
-2.008542687636921471e+02
-2.002784872794177318e+02
-1.997225303477417810e+02
-1.991859605574101977e+02
-1.986681597144848581e+02
-1.981683222478068842e+02
-1.976854508165038169e+02
-1.972183543236523349e+02
-1.967656485294716049e+02
-1.963257593741348614e+02
-1.958969290494102040e+02
-1.954772249249576817e+02
-1.950645512705318083e+02
-1.946566637415488401e+02
-1.942511864957782564e+02
-1.938456317599435295e+02
-1.934374215650622943e+02
-1.930239113076100068e+02
-1.926024147665911244e+02
-1.921702301171215481e+02
-1.917246664544543364e+02
-1.912630703333357758e+02
-1.907828518162969829e+02
-1.902815095103311762e+02
-1.897566541728057530e+02
-1.892060304203586441e+02
-1.886275361822486900e+02
-1.880192395465961113e+02
-1.873793927498811911e+02
-1.867064430871929801e+02
-1.859990406253340609e+02
-1.852560426355640573e+02
-1.844765148518022215e+02
-1.836597296510071544e+02
-1.828051614242424137e+02
-1.819124793913082101e+02
-1.809815383012523569e+02
-1.800123673720064801e+02
-1.790051579259808818e+02
-1.779602501109098682e+02
-1.768781190867796624e+02
-1.757593609782002204e+02
-1.746046788494424504e+02
-1.734148688886841967e+02
-1.721908069222922961e+02
-1.709334353974438159e+02
-1.696437508708906989e+02
-1.683227921242819605e+02
-1.669716290234476901e+02
-1.655913522299936460e+02
-1.641830639439469337e+02
-1.627478698223294771e+02
-1.612868722245387971e+02
-1.598011649210897644e+02
-1.582918293874030837e+02
-1.567599327509473142e+02
-1.552065274305003300e+02
-1.536326523929488985e+02
-1.520393359586266513e+02
-1.504275999635298149e+02
-1.487984650355915619e+02
-1.471529567547815702e+02
-1.454921124039232723e+02
-1.438169880186385683e+02
-1.421286654872760380e+02
-1.404282593974035365e+02
-1.387169234073475081e+02
-1.369958558773025175e+02
-1.352663045282575922e+02
-1.335295699034868449e+02
-1.317870074267382279e+02
-1.300400279044922343e+02
-1.282900964531416719e+02
-1.265387300422253674e+02
-1.247874939053019148e+02
-1.230379972155844541e+02
-1.212918883644179999e+02
-1.195508500366933617e+02
-1.178165942037287834e+02
-1.160908569830177584e+02
-1.143753933044872184e+02
-1.126719712552506110e+02
-1.109823660306263093e+02
-1.093083534039028564e+02
-1.076517026973638309e+02
-1.060141692528115271e+02
-1.043974864506547107e+02
-1.028033573589437282e+02
-1.012334460912063179e+02
-9.968936897918115392e+01
-9.817268567349368880e+01
-9.668489031926338839e+01
-9.522740291474126195e+01
-9.380156105573246350e+01
-9.240861212668046676e+01
-9.104970606426782354e+01
-8.972588867422030035e+01
-8.843809548942081733e+01
-8.718714607333636479e+01
-8.597373872890929647e+01
-8.479844561621248999e+01
-8.366170834018510050e+01
-8.256383410792902566e+01
-8.150499264002093014e+01
-8.048521396841006492e+01
-7.950438731329612096e+01
-7.856226116271116666e+01
-7.765844467551266916e+01
-7.679241054307394165e+01
-7.596349937916463091e+01
-7.517092574216844980e+01
-7.441378575541021689e+01
-7.369106634280421986e+01
-7.300165594867881680e+01
-7.234435659046845046e+01
-7.171789698758826148e+01
-7.112094649636259192e+01
-7.055212953467416526e+01
-7.001004009873335576e+01
-6.949325595408296863e+01
-6.900035213504934006e+01
-6.852991329694508238e+01
-6.808054461071019148e+01
-6.765088088048898385e+01
-6.723959374243580100e+01
-6.684539687998763213e+01
-6.646704938737775592e+01
-6.610335748178697202e+01
-6.575317493239468547e+01
-6.541540261740479423e+01
-6.508898763184302538e+01
-6.477292240086516983e+01
-6.446624417857731260e+01
-6.416803523143113352e+01
-6.387742389169035562e+01
-6.359358659269317116e+01
-6.331575089415461832e+01
-6.304319941593423948e+01
-6.277527448097434615e+01
-6.251138330447321323e+01
-6.225100343707906347e+01
-6.199368819725372504e+01
-6.173907182995770171e+01
-6.148687412600698110e+01
-6.123690425595403752e+01
-6.098906369106357772e+01
-6.074334805603358944e+01
-6.049984787352387627e+01
-6.025874815815315344e+01
-6.002032687667752242e+01
-5.978495235016018938e+01
-5.955307963516647618e+01
-5.932524600126382808e+01
-5.910206556630848240e+01
-5.888422321620325306e+01
-5.867246786715630691e+01
-5.846760511906649072e+01
-5.827048935358742909e+01
-5.808201526432552697e+01
-5.790310882982503671e+01
-5.773471774928851374e+01
-5.757780134992157883e+01
-5.743331997776928688e+01
-5.730222396306766086e+01
-5.718544212024362139e+01
-5.708386993672377940e+01
-5.699835750278430169e+01
-5.692969735478108362e+01
-5.687861244648524206e+01
-5.684574453022710827e+01
-5.683164326551727896e+01
-5.683675640535805940e+01
-5.686142136711661976e+01
-5.690585849470058832e+01
-5.697016619340772792e+01
-5.705431806295517561e+01
-5.715816202568002780e+01
-5.728142140028830198e+01
-5.742369776180571961e+01
-5.758447538807507016e+01
-5.776312703303886309e+01
-5.795892079550193898e+01
-5.817102778806678742e+01
-5.839853035361898037e+01
-5.864043056049672487e+01
-5.889565879337300203e+01
-5.916308215158633743e+01
-5.944151247256831994e+01
-5.972971382134082319e+01
-6.002640930589942769e+01
-6.033028716975288575e+01
-6.064000616429849089e+01
-6.095420031081106060e+01
-6.127148321742975412e+01
-6.159045219780052349e+01
-6.190969244316677589e+01
-6.222778150112324624e+01
-6.254329428878349262e+01
-6.285480879870263493e+01
-6.316091257562043637e+01
-6.346021000327009176e+01
-6.375133030213299179e+01
-6.403293614877013340e+01
-6.430373278419791916e+01
-6.456247742042545212e+01
-6.480798874890761851e+01
-6.503915640983629487e+01
-6.525495019798722751e+01
-6.545442884783031445e+01
-6.563674818713255377e+01
-6.580116845121759184e+01
-6.594706058926641390e+01
-6.607391139033346406e+01
-6.618132729048723206e+01
-6.626903675457374732e+01
-6.633689123526221465e+01
-6.638486473112948261e+01
-6.641305208039680963e+01
-6.642166613093901617e+01
-6.641103398807406677e+01
-6.638159258908683569e+01
-6.633388371987837218e+01
-6.626854865742421907e+01
-6.618632249675148671e+01
-6.608802823056170439e+01
-6.597457056823577659e+01
-6.584692954363090678e+01
-6.570615388479748731e+01
-6.555335417111322727e+01
-6.538969574787664385e+01
-6.521639133973435776e+01
-6.503469333778485861e+01
-6.484588558814527914e+01
-6.465127466275075108e+01
-6.445218050897429407e+01
-6.424992649041247716e+01
-6.404582885426727046e+01
-6.384118570919696367e+01
-6.363726569633264774e+01
-6.343529655327979100e+01
-6.323645386710624194e+01
-6.304185030177723092e+01
-6.285252567190944717e+01
-6.266943820366240203e+01
-6.249345733783871282e+01
-6.232535833706476325e+01
-6.216581896391259221e+01
-6.201541837209346397e+01
-6.187463830311326518e+01
-6.174386653428680205e+01
-6.162340249902240430e+01
-6.151346484373452483e+01
-6.141420069230198209e+01
-6.132569628374324111e+01
-6.124798861126512151e+01
-6.118107764682789451e+01
-6.112493879056339807e+01
-6.107953505866463217e+01
-6.104482861834262764e+01
-6.102079132998322564e+01
-6.100741384434846282e+01
-6.100471306034624774e+01
-6.101273768542724696e+01
-6.103157182918648260e+01
-6.106133658329588343e+01
-6.110218970726841548e+01
-6.115432359212866231e+01
-6.121796174032595417e+01
-6.129335400730666095e+01
-6.138077091422011478e+01
-6.148049725099688345e+01
-6.159282524651995061e+01
-6.171804748651756967e+01
-6.185644974238537941e+01
-6.200830386107266179e+01
-6.217386084975949245e+01
-6.235334421644262903e+01
-6.254694369521213559e+01
-6.275480931947373620e+01
-6.297704585185206128e+01
-6.321370749479163464e+01
-6.346479279483771307e+01
-6.373023965861056439e+01
-6.400992043850092728e+01
-6.430363707419029140e+01
-6.461111624350000682e+01
-6.493200455168110352e+01
-6.526586374609520647e+01
-6.561216599084028189e+01
-6.597028926658407499e+01
-6.633951297675316994e+01
-6.671901388837179070e+01
-6.710786255778933196e+01
-6.750502045924052652e+01
-6.790933801835018357e+01
-6.831955380795986343e+01
-6.873429510301778578e+01
-6.915208004989641211e+01
-6.957132162218438509e+01
-6.999033347011570072e+01
-7.040733775319182541e+01
-7.082047490423754255e+01
-7.122781526275448982e+01
-7.162737246248762801e+01
-7.201711833565055088e+01
-7.239499917602510948e+01
-7.275895308839159270e+01
-7.310692815192405192e+01
-7.343690112190286357e+01
-7.374689632304919940e+01
-7.403500445737412861e+01
-7.429940103532732110e+01
-7.453836413503600511e+01
-7.475029124022343296e+01
-7.493371490918006828e+01
-7.508731703776527411e+01
-7.520994147297513166e+01
-7.530060477867300506e+01
-7.535850495069452393e+01
-7.538302789090664646e+01
-7.537375154283229506e+01
-7.533044753809042504e+01
-7.525308033157364207e+01
-7.514180376701875730e+01
-7.499695513261025326e+01
-7.481904671998161405e+01
-7.460875495774797628e+01
-7.436690733921440710e+01
-7.409446724292946840e+01
-7.379251694026233110e+01
-7.346223911459900080e+01
-7.310489726295035950e+01
-7.272181542177789026e+01
-7.231435768194106117e+01
-7.188390799810265719e+01
-7.143185078407056210e+01
-7.095955272403750769e+01
-7.046834624857926599e+01
-6.995951503519378889e+01
-6.943428180107378012e+01
-6.889379864202381043e+01
-6.833914000940508515e+01
-6.777129838008227125e+01
-6.719118258169369540e+01
-6.659961866856460233e+01
-6.599735311827109285e+01
-6.538505813116132970e+01
-6.476333871913098506e+01
-6.413274123164187301e+01
-6.349376293231136970e+01
-6.284686228619221282e+01
-6.219246957997825831e+01
-6.153099751587587463e+01
-6.086285150847209735e+01
-6.018843941469271641e+01
-5.950818048434379648e+01
-5.882251336635213335e+01
-5.813190300108126962e+01
-5.743684632876453122e+01
-5.673787667512169008e+01
-5.603556686169249446e+01
-5.533053101994018164e+01
-5.462342517555212140e+01
-5.391494676662360774e+01
-5.320583327419080888e+01
-5.249686016342412387e+01
-5.178883834232954086e+01
-5.108261134440295592e+01
-5.037905238399000751e+01
-4.967906147192325506e+01
-4.898356269434840726e+01
-4.829350171788107104e+01
-4.760984360515145397e+01
-4.693357097253115029e+01
-4.626568246423600783e+01
-4.560719150651820541e+01
-4.495912522093616559e+01
-4.432252344658937915e+01
-4.369843766315322142e+01
-4.308792972455731984e+01
-4.249207023343165446e+01
-4.191193642774801731e+01
-4.134860942557320840e+01
-4.080317074092615570e+01
-4.027669800703821323e+01
-3.977025992084321615e+01
-3.928491056481129107e+01
-3.882168323414914823e+01
-3.838158404319213446e+01
-3.796558560237865976e+01
-3.757462107148899122e+01
-3.720957882522839100e+01
-3.687129800461899976e+01
-3.656056511855296520e+01
-3.627811181613591884e+01
-3.602461385485026568e+01
-3.580069126105910726e+01
-3.560690955372452038e+01
-3.544378185659778779e+01
-3.531177170635550056e+01
-3.521129626023112280e+01
-3.514272957927741459e+01
-3.510640567180646343e+01
-3.510262095568719332e+01
-3.513163579762912292e+01
-3.519367484101656629e+01
-3.528892588297663480e+01
-3.541753710326269555e+01
-3.557961261703908917e+01
-3.577520634447045467e+01
-3.600431429031142727e+01
-3.626686545678207807e+01
-3.656271162462697788e+01
-3.689161633226564163e+01
-3.725324343334190758e+01
-3.764714566335632639e+01
-3.807275367424553991e+01
-3.852936601679535045e+01
-3.901614050421619595e+01
-3.953208733340916581e+01
-4.007606423326271283e+01
-4.064677384854500986e+01
-4.124276339629894750e+01
-4.186242661804900678e+01
-4.250400804808594302e+01
-4.316560942811938872e+01
-4.384519823189696552e+01
-4.454061811496912782e+01
-4.524960117373912993e+01
-4.596978179934096431e+01
-4.669871200548076473e+01
-4.743387801339208920e+01
-4.817271793908721378e+01
-4.891264035387112585e+01
-4.965104354040948209e+01
-5.038533513998741853e+01
-5.111295192715089541e+01
-5.183137941076439148e+01
-5.253817094772509932e+01
-5.323096608548942754e+01
-5.390750782457163837e+01
-5.456565863297291941e+01
-5.520341503043184872e+01
-5.581892056615297548e+01
-5.641047713337529501e+01
-5.697655453343954690e+01
-5.751579821935735737e+01
-5.802703517086594331e+01
-5.850927786980606271e+01
-5.896172641567547146e+01
-5.938376880517479606e+01
-5.977497949496002150e+01
-6.013511638645768187e+01
-6.046411640461919745e+01
-6.076208983188079316e+01
-6.102931359183075699e+01
-6.126622368342117397e+01
-6.147340689458503959e+01
-6.165159196554940735e+01
-6.180164034811250673e+01
-6.192453667484889479e+01
-6.202137899659297204e+01
-6.209336886288430435e+01
-6.214180118919662021e+01
-6.216805387811107408e+01
-6.217357712699994465e+01
-6.215988231641083672e+01
-6.212853048509248310e+01
-6.208112038435960756e+01
-6.201927622588868161e+01
-6.194463527963643656e+01
-6.185883548958516087e+01
-6.176350334727173674e+01
-6.166024223081555533e+01
-6.155062140801980775e+01
-6.143616588412778157e+01
-6.131834720527029958e+01
-6.119857530054510875e+01
-6.107819131643283583e+01
-6.095846142175020077e+01
-6.084057143646996479e+01
-6.072562211148591871e+01
-6.061462487730517523e+01
