0.000000000000000000e+00
4.999999999999999237e-03
9.999999999999998473e-03
1.499999999999999944e-02
1.999999999999999695e-02
2.499999999999999445e-02
2.999999999999999889e-02
3.499999999999999639e-02
3.999999999999999389e-02
4.499999999999999833e-02
4.999999999999998890e-02
5.499999999999999334e-02
5.999999999999999778e-02
6.499999999999998834e-02
6.999999999999999278e-02
7.499999999999999722e-02
7.999999999999998779e-02
8.499999999999999223e-02
8.999999999999999667e-02
9.499999999999998723e-02
9.999999999999997780e-02
1.049999999999999961e-01
1.099999999999999867e-01
1.149999999999999772e-01
1.199999999999999956e-01
1.249999999999999722e-01
1.299999999999999767e-01
1.349999999999999811e-01
1.399999999999999856e-01
1.449999999999999900e-01
1.499999999999999944e-01
1.549999999999999711e-01
1.599999999999999756e-01
1.649999999999999800e-01
1.699999999999999845e-01
1.749999999999999889e-01
1.799999999999999933e-01
1.849999999999999700e-01
1.899999999999999745e-01
1.949999999999999789e-01
1.999999999999999556e-01
2.049999999999999878e-01
2.099999999999999922e-01
2.149999999999999689e-01
2.199999999999999734e-01
2.249999999999999778e-01
2.299999999999999545e-01
2.349999999999999589e-01
2.399999999999999911e-01
2.449999999999999678e-01
2.499999999999999445e-01
2.550000000000000044e-01
2.599999999999999534e-01
2.649999999999999578e-01
2.699999999999999623e-01
2.749999999999999667e-01
2.799999999999999711e-01
2.849999999999999756e-01
2.899999999999999800e-01
2.949999999999999289e-01
2.999999999999999889e-01
3.049999999999999378e-01
3.099999999999999423e-01
3.150000000000000022e-01
3.199999999999999512e-01
3.249999999999999556e-01
3.299999999999999600e-01
3.349999999999999645e-01
3.399999999999999689e-01
3.449999999999999734e-01
3.499999999999999778e-01
3.549999999999999267e-01
3.599999999999999867e-01
3.649999999999999356e-01
3.699999999999999400e-01
3.750000000000000000e-01
3.799999999999999489e-01
3.849999999999999534e-01
3.899999999999999578e-01
3.949999999999999623e-01
3.999999999999999112e-01
4.049999999999999711e-01
4.099999999999999756e-01
4.149999999999999245e-01
4.199999999999999845e-01
4.249999999999999334e-01
4.299999999999999378e-01
4.349999999999999423e-01
4.399999999999999467e-01
4.449999999999999512e-01
4.499999999999999556e-01
4.549999999999999600e-01
4.599999999999999090e-01
4.649999999999999689e-01
4.699999999999999178e-01
4.749999999999999778e-01
4.799999999999999822e-01
4.849999999999999312e-01
4.899999999999999356e-01
4.949999999999999400e-01
4.999999999999998890e-01
5.050000000000000044e-01
5.100000000000000089e-01
5.149999999999999023e-01
5.199999999999999067e-01
5.249999999999999112e-01
5.299999999999999156e-01
5.350000000000000311e-01
5.399999999999999245e-01
5.449999999999999289e-01
5.499999999999999334e-01
5.549999999999999378e-01
5.599999999999999423e-01
5.649999999999999467e-01
5.699999999999999512e-01
5.749999999999999556e-01
5.799999999999999600e-01
5.849999999999998535e-01
5.899999999999998579e-01
5.949999999999999734e-01
5.999999999999999778e-01
6.049999999999999822e-01
6.099999999999998757e-01
6.149999999999998801e-01
6.199999999999998845e-01
6.250000000000000000e-01
6.300000000000000044e-01
6.349999999999998979e-01
6.399999999999999023e-01
6.449999999999999067e-01
6.499999999999999112e-01
6.549999999999999156e-01
6.599999999999999201e-01
6.649999999999999245e-01
6.699999999999999289e-01
6.749999999999999334e-01
6.799999999999999378e-01
6.849999999999998312e-01
6.899999999999999467e-01
6.949999999999999512e-01
6.999999999999999556e-01
7.049999999999998490e-01
7.099999999999998535e-01
7.149999999999998579e-01
7.199999999999999734e-01
7.249999999999999778e-01
7.299999999999998712e-01
7.349999999999998757e-01
7.399999999999998801e-01
7.449999999999998845e-01
7.500000000000000000e-01
7.549999999999998934e-01
7.599999999999998979e-01
7.649999999999999023e-01
7.699999999999999067e-01
7.749999999999999112e-01
7.799999999999999156e-01
7.849999999999999201e-01
7.899999999999999245e-01
7.949999999999999289e-01
7.999999999999998224e-01
8.049999999999998268e-01
8.099999999999999423e-01
8.149999999999999467e-01
8.199999999999999512e-01
8.249999999999998446e-01
8.299999999999998490e-01
8.349999999999998535e-01
8.399999999999999689e-01
8.449999999999999734e-01
8.499999999999998668e-01
8.549999999999998712e-01
8.599999999999998757e-01
8.649999999999998801e-01
8.699999999999998845e-01
8.749999999999998890e-01
8.799999999999998934e-01
8.849999999999998979e-01
8.899999999999999023e-01
8.949999999999999067e-01
8.999999999999999112e-01
9.049999999999999156e-01
9.099999999999999201e-01
9.149999999999999245e-01
9.199999999999998179e-01
9.249999999999998224e-01
9.299999999999999378e-01
9.349999999999999423e-01
9.399999999999998357e-01
9.449999999999998401e-01
9.499999999999999556e-01
9.549999999999998490e-01
9.599999999999999645e-01
9.649999999999998579e-01
9.699999999999998623e-01
9.749999999999997558e-01
9.799999999999998712e-01
9.849999999999999867e-01
9.899999999999998801e-01
9.949999999999998845e-01
9.999999999999997780e-01
1.004999999999999893e+00
1.010000000000000009e+00
1.014999999999999902e+00
1.020000000000000018e+00
1.024999999999999911e+00
1.029999999999999805e+00
1.034999999999999698e+00
1.039999999999999813e+00
1.044999999999999929e+00
1.049999999999999822e+00
1.054999999999999938e+00
1.059999999999999831e+00
1.064999999999999947e+00
1.070000000000000062e+00
1.074999999999999734e+00
1.079999999999999849e+00
1.084999999999999742e+00
1.089999999999999858e+00
1.094999999999999751e+00
1.099999999999999867e+00
1.104999999999999982e+00
1.109999999999999876e+00
1.114999999999999991e+00
1.119999999999999885e+00
1.124999999999999778e+00
1.129999999999999893e+00
1.134999999999999787e+00
1.139999999999999902e+00
1.144999999999999796e+00
1.149999999999999911e+00
1.154999999999999805e+00
1.159999999999999920e+00
1.165000000000000036e+00
1.169999999999999707e+00
1.174999999999999822e+00
1.179999999999999716e+00
1.184999999999999831e+00
1.189999999999999947e+00
1.194999999999999840e+00
1.199999999999999956e+00
1.204999999999999849e+00
1.209999999999999964e+00
1.214999999999999858e+00
1.219999999999999751e+00
1.224999999999999867e+00
1.229999999999999760e+00
1.234999999999999876e+00
1.239999999999999769e+00
1.244999999999999885e+00
1.250000000000000000e+00
1.254999999999999893e+00
1.260000000000000009e+00
1.264999999999999902e+00
1.269999999999999796e+00
1.274999999999999689e+00
1.279999999999999805e+00
1.284999999999999920e+00
1.289999999999999813e+00
1.294999999999999929e+00
1.299999999999999822e+00
1.304999999999999938e+00
1.309999999999999831e+00
1.314999999999999725e+00
1.319999999999999840e+00
1.324999999999999734e+00
1.329999999999999849e+00
1.334999999999999742e+00
1.339999999999999858e+00
1.344999999999999973e+00
1.349999999999999867e+00
1.354999999999999982e+00
1.359999999999999876e+00
1.364999999999999769e+00
1.369999999999999662e+00
1.374999999999999778e+00
1.379999999999999893e+00
1.384999999999999787e+00
1.389999999999999902e+00
1.394999999999999796e+00
1.399999999999999911e+00
1.405000000000000027e+00
1.409999999999999698e+00
1.414999999999999813e+00
1.419999999999999707e+00
1.424999999999999822e+00
1.429999999999999716e+00
1.434999999999999831e+00
1.439999999999999947e+00
1.444999999999999840e+00
1.449999999999999956e+00
1.454999999999999849e+00
1.459999999999999742e+00
1.464999999999999858e+00
1.469999999999999751e+00
1.474999999999999867e+00
1.479999999999999760e+00
1.484999999999999876e+00
1.489999999999999769e+00
1.494999999999999885e+00
1.500000000000000000e+00
1.504999999999999671e+00
1.509999999999999787e+00
1.514999999999999680e+00
1.519999999999999796e+00
1.524999999999999911e+00
1.529999999999999805e+00
1.534999999999999920e+00
1.539999999999999813e+00
1.544999999999999929e+00
1.549999999999999822e+00
1.554999999999999716e+00
1.559999999999999831e+00
1.564999999999999725e+00
1.569999999999999840e+00
1.574999999999999734e+00
1.579999999999999849e+00
1.584999999999999964e+00
1.589999999999999858e+00
1.594999999999999973e+00
1.599999999999999645e+00
1.604999999999999760e+00
1.609999999999999654e+00
1.614999999999999769e+00
1.619999999999999885e+00
1.624999999999999778e+00
1.629999999999999893e+00
1.634999999999999787e+00
1.639999999999999902e+00
1.644999999999999796e+00
1.649999999999999689e+00
1.654999999999999805e+00
1.659999999999999698e+00
1.664999999999999813e+00
1.669999999999999707e+00
1.674999999999999822e+00
1.679999999999999938e+00
1.684999999999999831e+00
1.689999999999999947e+00
1.694999999999999618e+00
1.699999999999999734e+00
1.704999999999999627e+00
1.709999999999999742e+00
1.714999999999999858e+00
1.719999999999999751e+00
1.724999999999999867e+00
1.729999999999999760e+00
1.734999999999999876e+00
1.739999999999999769e+00
1.744999999999999662e+00
1.749999999999999778e+00
1.754999999999999671e+00
1.759999999999999787e+00
1.764999999999999680e+00
1.769999999999999796e+00
1.774999999999999911e+00
1.779999999999999805e+00
1.784999999999999920e+00
1.789999999999999813e+00
1.794999999999999707e+00
1.799999999999999822e+00
1.804999999999999716e+00
1.809999999999999831e+00
1.814999999999999725e+00
1.819999999999999840e+00
1.824999999999999734e+00
1.829999999999999849e+00
1.834999999999999964e+00
1.839999999999999636e+00
1.844999999999999751e+00
1.849999999999999645e+00
1.854999999999999760e+00
1.859999999999999876e+00
1.864999999999999991e+00
1.869999999999999885e+00
1.874999999999999778e+00
1.879999999999999671e+00
1.884999999999999787e+00
1.889999999999999680e+00
1.894999999999999574e+00
1.899999999999999911e+00
1.904999999999999805e+00
1.909999999999999698e+00
1.914999999999999591e+00
1.919999999999999929e+00
1.924999999999999822e+00
1.929999999999999716e+00
1.934999999999999831e+00
1.939999999999999725e+00
1.944999999999999618e+00
1.949999999999999512e+00
1.954999999999999849e+00
1.959999999999999742e+00
1.964999999999999636e+00
1.969999999999999973e+00
1.974999999999999867e+00
1.979999999999999760e+00
1.984999999999999876e+00
1.989999999999999769e+00
1.994999999999999662e+00
1.999999999999999556e+00
2.004999999999999893e+00
2.009999999999999787e+00
2.014999999999999680e+00
2.020000000000000018e+00
2.024999999999999911e+00
2.029999999999999805e+00
2.034999999999999698e+00
2.040000000000000036e+00
2.044999999999999929e+00
2.049999999999999822e+00
2.054999999999999716e+00
2.059999999999999609e+00
2.064999999999999503e+00
2.069999999999999396e+00
2.074999999999999734e+00
2.079999999999999627e+00
2.084999999999999520e+00
2.089999999999999858e+00
2.094999999999999751e+00
2.099999999999999645e+00
2.104999999999999982e+00
2.109999999999999876e+00
2.114999999999999769e+00
2.119999999999999662e+00
2.125000000000000000e+00
2.129999999999999893e+00
2.134999999999999787e+00
2.140000000000000124e+00
2.145000000000000018e+00
2.149999999999999467e+00
2.154999999999999361e+00
2.159999999999999698e+00
2.164999999999999591e+00
2.169999999999999485e+00
2.174999999999999822e+00
2.179999999999999716e+00
2.184999999999999609e+00
2.189999999999999503e+00
2.194999999999999840e+00
2.199999999999999734e+00
2.204999999999999627e+00
2.209999999999999964e+00
2.214999999999999858e+00
2.219999999999999751e+00
2.225000000000000089e+00
2.229999999999999982e+00
2.234999999999999876e+00
2.239999999999999769e+00
2.244999999999999662e+00
2.249999999999999556e+00
2.254999999999999449e+00
2.259999999999999787e+00
2.264999999999999680e+00
2.269999999999999574e+00
2.274999999999999467e+00
2.279999999999999805e+00
2.284999999999999698e+00
2.289999999999999591e+00
2.294999999999999929e+00
2.299999999999999822e+00
2.304999999999999716e+00
2.309999999999999609e+00
2.314999999999999947e+00
2.319999999999999840e+00
2.324999999999999734e+00
2.330000000000000071e+00
2.334999999999999964e+00
2.339999999999999414e+00
2.344999999999999307e+00
2.349999999999999645e+00
2.354999999999999538e+00
2.359999999999999432e+00
2.364999999999999769e+00
2.369999999999999662e+00
2.374999999999999556e+00
2.379999999999999893e+00
2.384999999999999787e+00
2.389999999999999680e+00
2.394999999999999574e+00
2.399999999999999911e+00
2.404999999999999805e+00
2.409999999999999698e+00
2.415000000000000036e+00
2.419999999999999929e+00
2.424999999999999822e+00
2.429999999999999716e+00
2.434999999999999609e+00
2.439999999999999503e+00
2.444999999999999396e+00
2.449999999999999734e+00
2.454999999999999627e+00
2.459999999999999520e+00
2.464999999999999414e+00
2.469999999999999751e+00
2.474999999999999645e+00
2.479999999999999538e+00
2.484999999999999876e+00
2.489999999999999769e+00
2.499999990010493001e-09
0.000000000000000000e+00
0.000000000000000000e+00
0.000000000000000000e+00
0.000000000000000000e+00
0.000000000000000000e+00
0.000000000000000000e+00
0.000000000000000000e+00
0.000000000000000000e+00
0.000000000000000000e+00
0.000000000000000000e+00
0.000000000000000000e+00
0.000000000000000000e+00
0.000000000000000000e+00
0.000000000000000000e+00
0.000000000000000000e+00
0.000000000000000000e+00
0.000000000000000000e+00
0.000000000000000000e+00
0.000000000000000000e+00
0.000000000000000000e+00
0.000000000000000000e+00
0.000000000000000000e+00
0.000000000000000000e+00
0.000000000000000000e+00
0.000000000000000000e+00
0.000000000000000000e+00
0.000000000000000000e+00
0.000000000000000000e+00
0.000000000000000000e+00
0.000000000000000000e+00
0.000000000000000000e+00
0.000000000000000000e+00
0.000000000000000000e+00
0.000000000000000000e+00
0.000000000000000000e+00
0.000000000000000000e+00
0.000000000000000000e+00
0.000000000000000000e+00
0.000000000000000000e+00
0.000000000000000000e+00
0.000000000000000000e+00
0.000000000000000000e+00
0.000000000000000000e+00
0.000000000000000000e+00
0.000000000000000000e+00
0.000000000000000000e+00
0.000000000000000000e+00
0.000000000000000000e+00
0.000000000000000000e+00
0.000000000000000000e+00
7.342693054591503881e-06
1.263796792303842082e-04
1.505533210139874990e-03
9.483427167571117575e-03
3.864847859808811376e-02
1.114742607703264055e-01
2.465016174620890677e-01
4.456589186215533238e-01
6.892957324167721112e-01
9.465371968819815685e-01
1.185625135889879278e+00
1.389423330715435112e+00
1.543227553440187139e+00
1.648582668571042076e+00
1.711608958729907703e+00
1.736840750737002281e+00
1.737499111410464980e+00
1.718779375961303924e+00
1.687487668248180306e+00
1.650806519778196257e+00
1.610295355633722059e+00
1.570581167133559664e+00
1.531937721714432099e+00
1.498207214174938740e+00
1.467750755233368176e+00
1.441665349945155938e+00
1.421971097786498328e+00
1.406944595897871464e+00
1.396000278155805852e+00
1.385662067320603263e+00
1.375720952200278235e+00
1.361343791892885235e+00
1.337867627336554843e+00
1.307632281163891186e+00
1.269137589807841859e+00
1.225589490210872601e+00
1.176012739652714467e+00
1.126402146719118758e+00
1.076481296830589907e+00
1.027940614365994820e+00
9.821983388053244779e-01
9.399977445978118240e-01
9.018903721596380763e-01
8.679591241920493472e-01
8.376930473679299327e-01
8.108878631353545474e-01
7.880487019931083914e-01
7.690787985152192086e-01
7.535261741753264131e-01
7.412686045718485106e-01
7.318948808546424933e-01
7.257075619067318017e-01
7.219830313894324281e-01
7.205172086641321583e-01
7.217463906647120231e-01
7.252577072669302849e-01
7.312335922750907713e-01
7.389576201740555295e-01
7.503368767033945508e-01
7.628516876353340637e-01
7.774128569820420998e-01
7.940795228995877197e-01
8.123101932353468113e-01
8.324692003591306344e-01
8.532628389311106565e-01
8.754439427194842249e-01
8.981473719415546952e-01
9.214543214697236140e-01
9.446506130718749228e-01
9.668717505073564089e-01
9.895593316893795954e-01
1.011772237451571410e+00
1.031939600677258984e+00
1.051787658718095653e+00
1.069202043869184715e+00
1.085472835936330371e+00
1.099594213730585412e+00
1.111319373538697697e+00
1.122535196951139458e+00
1.130717975393088937e+00
1.137594763223194638e+00
1.142820155359796308e+00
1.146033722765300578e+00
1.147262108926398572e+00
1.147696211607745820e+00
1.146586290982362089e+00
1.144763711202548606e+00
1.141579647620737603e+00
1.137094121740441777e+00
1.131342191827456878e+00
1.124523159655791194e+00
1.117227323142058193e+00
1.109114512125860763e+00
1.100017236162447842e+00
1.089948428493662247e+00
1.079721305146889021e+00
1.068413247742663108e+00
1.057453487284739202e+00
1.045791726189691184e+00
1.034040121731002015e+00
1.021918489716619582e+00
1.010292042853860650e+00
9.991518171500560763e-01
9.880695499187271968e-01
9.772950339831087962e-01
9.673579248135975028e-01
9.580993781300369827e-01
9.497733423281876641e-01
9.415606240093035151e-01
9.348186385688935784e-01
9.287771415192908053e-01
9.233063422144365262e-01
9.191118288336755926e-01
9.159442875450656274e-01
9.138485476524289552e-01
9.126593302132882668e-01
9.125116371527906001e-01
9.132795876748033281e-01
9.149014210592153473e-01
9.174061862569001802e-01
9.205905102937873563e-01
9.244369894370606522e-01
9.293702515331090375e-01
9.346275085869010235e-01
9.404724368342038954e-01
9.467462682332562496e-01
9.531899142460517060e-01
9.601776828606077840e-01
9.671658119451601587e-01
9.745742969026679470e-01
9.816386416518143587e-01
9.888988717319628918e-01
9.959830980140429446e-01
1.002591560949588123e+00
1.009506383802101892e+00
1.015067233443061046e+00
1.020997846205593529e+00
1.026336115206607724e+00
1.031222375960930249e+00
1.035710659266928291e+00
1.038925992448154645e+00
1.042532962401122809e+00
1.045291536604788574e+00
1.047269187360003295e+00
1.048748468747647378e+00
1.049605007143592728e+00
1.050491969468000386e+00
1.050103961935127339e+00
1.049617844762937180e+00
1.048424137895022090e+00
1.046970079212516724e+00
1.045065279841075556e+00
1.042641553923742137e+00
1.040278277733036605e+00
1.037075335009173704e+00
1.034437768732858309e+00
1.031053473353898298e+00
1.027152577297397951e+00
1.023587481808688304e+00
1.019725112171481873e+00
1.015341119592793051e+00
1.011204528985747864e+00
1.007341030857431763e+00
1.003042996482909954e+00
9.993236715228498435e-01
9.955148618035010166e-01
9.918963632544322007e-01
9.884206690381401872e-01
9.852333519779211679e-01
9.821490075243942686e-01
9.795777910765507412e-01
9.772426014429411723e-01
9.748535527419384117e-01
9.732824731433085130e-01
9.716243411731914081e-01
9.706137793005956693e-01
9.697418381138790400e-01
9.693909550287426180e-01
9.690718018122926880e-01
9.693068540329266014e-01
9.700065907911913365e-01
9.709036108920974240e-01
9.721340620641442110e-01
9.732795810724454988e-01
9.751181867634836076e-01
9.765384614490129067e-01
9.786952222205563823e-01
9.807089520558109896e-01
9.830143799210422362e-01
9.853019055790220859e-01
9.879310754270748118e-01
9.902632025920059533e-01
9.930466825176925694e-01
9.955917295937274369e-01
9.979625600439686606e-01
1.000648071968127439e+00
1.002841313405958390e+00
1.005321645832153443e+00
1.007357310395549543e+00
1.009469521945299597e+00
1.011231253016493525e+00
1.012950346779960986e+00
1.014525905051911092e+00
1.015561467887257097e+00
1.016619021773627951e+00
1.017354842901117218e+00
1.018091172661429011e+00
1.018413931391216609e+00
1.018691817794888266e+00
1.018675298234947180e+00
1.018678970087942393e+00
1.018441204271609335e+00
1.017676285379864876e+00
1.017072003418677983e+00
1.016391819956539155e+00
1.015220681218749199e+00
1.014182665811734774e+00
1.013011529465928984e+00
1.011497380981388750e+00
1.010152720107434510e+00
1.008936066822520905e+00
1.007242110058750972e+00
1.005398636240896870e+00
1.004024213103215102e+00
1.002627053329074647e+00
1.000765953981022749e+00
9.994547565936656719e-01
9.978129082925395466e-01
9.965055576271764082e-01
9.950836115935162152e-01
9.922860837660528732e-01
9.818340073890713393e-01
9.703623581028014700e-01
9.591086510391788611e-01
9.479443414570695170e-01
9.370646849961530300e-01
9.265945185397734818e-01
9.160262156355610808e-01
9.060310542020348912e-01
8.958579323505201364e-01
8.861647178821246973e-01
8.763520428143115604e-01
8.670063951716040496e-01
8.575124906873038411e-01
8.480706459733482472e-01
8.388909246235058959e-01
8.299912654821322011e-01
8.211832953972467708e-01
8.123080543895835337e-01
8.036062210020218366e-01
7.950613865395229629e-01
7.866947379435570431e-01
7.782148189961503038e-01
7.696803072430871140e-01
7.615341100484817050e-01
7.533240099048629235e-01
7.450380714993161124e-01
7.368000407124206674e-01
7.285995731876493409e-01
7.203372062357989991e-01
7.120611541059681526e-01
7.037726733538938184e-01
6.957396190389797397e-01
6.872687433242211652e-01
6.790390781150111854e-01
6.709872749756046195e-01
6.625129315496302018e-01
6.541216909465111806e-01
6.460632989352510513e-01
6.378020390828283981e-01
6.295127739647604637e-01
6.213234337608402047e-01
6.130681200206034021e-01
6.048167710722784918e-01
5.965558505632458930e-01
5.884349901109366954e-01
5.803832152493176855e-01
5.721345256452555761e-01
5.643452954420488110e-01
5.560000015921834349e-01
5.478465612445502231e-01
5.400414202522175744e-01
5.318430577196902043e-01
5.238895651616120031e-01
5.160819677112581383e-01
5.082343900417242155e-01
5.005638441706122821e-01
4.928038934803776749e-01
4.852273436617577929e-01
4.776623205635738278e-01
4.702172862678977716e-01
4.627337822816979807e-01
4.554519491921417140e-01
4.482690687666640583e-01
4.410139296118729679e-01
4.338773066269066003e-01
4.267654430765759899e-01
4.197304107139110951e-01
4.127542871935823143e-01
4.057733766659016306e-01
3.988710398926165190e-01
3.921647783244257002e-01
3.854099185954306672e-01
3.786380046224008256e-01
3.720662576001523281e-01
3.654429815889578825e-01
3.588513793722072909e-01
3.523208575931793818e-01
3.458873041711434393e-01
3.394953891893263687e-01
3.330722030497196284e-01
3.266715987107238206e-01
3.203960156971996653e-01
3.141193352836958996e-01
3.079477315348571609e-01
3.017245876668685489e-01
2.956707791000044994e-01
2.895451535504565133e-01
2.833221929097679004e-01
2.773148617227628177e-01
2.712178716027681125e-01
2.651101486159543330e-01
2.591076735739771264e-01
2.531003830477576155e-01
2.471283065621069641e-01
2.411641905847883849e-01
2.353151009049216924e-01
2.293232587978472625e-01
2.233830107634051654e-01
2.176751968516930369e-01
2.118103012391292506e-01
2.059525534716281914e-01
2.001904554637064237e-01
1.944615518256493647e-01
1.887424362518729803e-01
1.830482964355701347e-01
1.774007872106686534e-01
1.717664660731836046e-01
1.661511606327609469e-01
1.605029400965315989e-01
1.549732162772685384e-01
1.494252874049760149e-01
1.439179020090134709e-01
1.384011093751776889e-01
1.329161573822571218e-01
1.274704311716084726e-01
1.221406502511754172e-01
1.171116343421227807e-01
1.126112861642669799e-01
1.083176833966187358e-01
1.042433816393563140e-01
1.003581426755067590e-01
9.663996436448191174e-02
9.309159832956456770e-02
8.965043025390231901e-02
8.638542682822301921e-02
8.313233125091486209e-02
8.013438950086289314e-02
7.725330656130173501e-02
7.436359065729929163e-02
7.159278486456824298e-02
6.902130042156649770e-02
6.640950951079328812e-02
6.389363085814127319e-02
6.148779165957687226e-02
5.916584784078910558e-02
5.692460285125462705e-02
5.473133376726377342e-02
5.262174058380853642e-02
5.061252662269229152e-02
4.862618655292313269e-02
4.670260083986210731e-02
4.484409328596081212e-02
4.304487913840532309e-02
4.128652728659446686e-02
3.960849295093402805e-02
3.794933223127333610e-02
3.636663159645495136e-02
3.484176760909266091e-02
3.334109927710234705e-02
3.191485048462007479e-02
3.048170161639966388e-02
2.914359646511555796e-02
2.780875543140371234e-02
2.655627593717577867e-02
2.531629219157292485e-02
2.411392619103762749e-02
2.296499108838053957e-02
2.186681226081147247e-02
2.076979442139629053e-02
1.974884059583641507e-02
1.871163205620598319e-02
1.772388849521743318e-02
1.679396532636280928e-02
1.589224823452713500e-02
1.501411167828084481e-02
1.415912538234746949e-02
1.335056588820212123e-02
1.256730615249509672e-02
1.181858831226335546e-02
1.109275128904286395e-02
1.039149302219830040e-02
9.716434396207659918e-03
9.084099105197800117e-03
8.454359541008767132e-03
7.864800424660159384e-03
7.294136523672589342e-03
6.756353741184905649e-03
6.234719344020750800e-03
5.761405880845050370e-03
5.282364916907417510e-03
4.839773514162787338e-03
4.426615681560269223e-03
4.029121230170409733e-03
3.647485766822922224e-03
3.289596347680347720e-03
2.950976396217817790e-03
2.644056757598801932e-03
2.334984280709884175e-03
2.055592874924099932e-03
1.798635428313280493e-03
1.560806082726658509e-03
1.342565292630649738e-03
1.133970133785869739e-03
9.509943017433162421e-04
7.878996323947338011e-04
6.358675280834132906e-04
5.043234311837194693e-04
3.885654375659251748e-04
2.866689058532253436e-04
2.019272615659095497e-04
1.317266356831385391e-04
7.713937884521108296e-05
3.775345039611081090e-05
1.199809898018731674e-05
1.163888357056861531e-06
0.000000000000000000e+00
0.000000000000000000e+00
0.000000000000000000e+00
0.000000000000000000e+00
0.000000000000000000e+00
0.000000000000000000e+00
0.000000000000000000e+00
0.000000000000000000e+00
0.000000000000000000e+00
0.000000000000000000e+00
0.000000000000000000e+00
0.000000000000000000e+00
0.000000000000000000e+00
0.000000000000000000e+00
