
    1   O   Ox1    1 -0.5746  1.2199  2.4113  3.5025  2.0062 -1.3043
    1   O   Ox2    1 -0.5100  1.2510  2.3141  0.5169  2.4516 -3.1730
    2   O   Ox1    2  0.4824  3.5096 -1.6917 -0.4735  1.3335 -1.2878
    2   O   Ox2    2  0.4267  3.6039 -1.6408  0.6685  1.2196  0.1854
    3   O   Ox1    3  4.0510  0.9085 -0.2325 -1.8130  3.0699 -4.3677
    3   O   Ox2    3  4.0743  0.8465 -0.3335  3.7255  1.6370 -2.2822
    4   O   Ox1    4 -1.6774  4.9688  3.4539  1.6292 -2.1651 -1.0764
    4   O   Ox2    4 -1.6321  5.0735  3.4143  0.0670  0.3757  3.6890
    5   O   Ox1    5 -4.7910  0.0714 -1.8498  0.1320 -2.8606 -4.9750
    5   O   Ox2    5 -4.8178  0.1752 -1.9054 -0.7279  1.5073  3.2706
    6   O   Ox1    6 -3.2756 -0.9628  1.0620  0.1867  2.9963  1.3568
    6   O   Ox2    6 -3.3890 -0.9254  1.0803 -1.1144  0.6454 -1.7201
    7   O   Ox1    7  2.1605  2.8785  1.2693  0.1461 -0.2172  1.0457
    7   O   Ox2    7  2.1660  2.9981  1.2855  1.8973  0.1845 -2.3343
    8   O   Ox1    8 -1.9714 -0.2965 -0.1308  1.3969  1.2883 -3.0497
    8   O   Ox2    8 -2.0050 -0.1850 -0.1628 -3.4687  1.2080  1.4951
    9   O   Ox1    9 -0.5603 -1.6750  0.4462  0.8748  0.0358 -0.7464
    9   O   Ox2    9 -0.4597 -1.6245  0.4901  1.1837  0.8209 -2.3397
   10   O   Ox1   10 -0.1543  0.8882  1.6469  2.6582 -0.0465  0.8821
   10   O   Ox2   10 -0.0890  0.9896  1.6403  2.9650 -0.2663  0.5360
   11   O   Ox1   11 -1.9786 -2.1647 -0.0084  1.3399 -1.7428  1.8195
   11   O   Ox2   11 -2.0244 -2.0895  0.0743 -2.6986 -0.5094 -1.4703
   12   O   Ox1   12 -3.0836 -2.7640  2.1410  0.4094 -3.0128  0.2669
   12   O   Ox2   12 -3.1871 -2.7885  2.0839  1.7149 -0.6842 -3.1662
   13   O   Ox1   13 -0.6395  3.1647 -0.1117  1.7666  0.1290  3.2040
   13   O   Ox2   13 -0.5477  3.2353 -0.1462  0.5073  0.4502  0.4573
   14   O   Ox1   14 -3.0818 -2.2686  2.4015 -3.2103 -0.0157 -0.6731
   14   O   Ox2   14 -3.0031 -2.1776  2.3908 -0.6303 -2.1435  0.0096
   15   O   Ox1   15  1.1531 -0.1136  5.4835  3.7103  2.2754  2.5384
   15   O   Ox2   15  1.2495 -0.1303  5.4126  3.0882  1.6723  1.8322
   16   O   Ox1   16 -1.4949 -0.0294  4.4660  0.4179 -0.2216  0.1223
   16   O   Ox2   16 -1.3901  0.0306  4.4705  0.2508  0.0146  0.8923
   17   O   Ox1   17 -2.3649 -0.1375  1.7233  0.0744 -2.2972  0.8617
   17   O   Ox2   17 -2.4402 -0.0945  1.8074  1.6211 -1.3129  1.7526
   18   O   Ox1   18 -4.0106  1.2265  0.5235  0.1624  0.4130 -0.1847
   18   O   Ox2   18 -3.9791  1.3348  0.5668 -1.6749  1.3597 -1.1916
   19   O   Ox1   19  0.2701  4.7192  1.3160 -0.8686  1.5553 -3.1887
   19   O   Ox2   19  0.2702  4.6192  1.2482  3.0729  0.7984 -2.1179
   20   O   Ox1   20 -0.6335 -1.2351 -0.5674 -1.4965 -1.3265 -1.5622
   20   O   Ox2   20 -0.7118 -1.1442 -0.5811  0.4632  0.6522  0.2185
   21   O   Ox1   21 -0.2497 -0.0306 -1.1013  0.9701  0.0136  1.1745
   21   O   Ox2   21 -0.2610  0.0609 -1.0233  1.1534  1.8883 -0.9782
   22   O   Ox1   22  0.4572 -3.8401 -3.4073  0.6819  3.1849  0.3793
   22   O   Ox2   22  0.5509 -3.8811 -3.4716 -2.1537 -1.9372 -0.6055
   23   O   Ox1   23  3.2771 -0.6234 -0.5673 -0.1088 -2.3183 -1.2501
   23   O   Ox2   23  3.3772 -0.6530 -0.5064 -0.9543 -2.0192  0.2951
   24   O   Ox1   24  3.2332 -0.7475 -0.2214  4.7719  3.8840  2.4634
   24   O   Ox2   24  3.1519 -0.7163 -0.1377  2.7257 -0.6934  2.2423
   25   O   Ox1   25 -1.1101  0.9792 -0.6343  0.4715  2.2341  0.9588
   25   O   Ox2   25 -1.0149  1.0265 -0.5768  0.1630  2.4640  1.2819
   26   O   Ox1   26  0.9222 -4.1007 -2.0432  2.3347  1.2519 -0.3946
   26   O   Ox2   26  0.8419 -4.0530 -2.1198 -0.1277 -1.4576  0.4600
   27   O   Ox1   27  2.4194  0.6040  1.5260  3.0598 -2.2778 -1.2365
   27   O   Ox2   27  2.4145  0.6819  1.4339 -0.6880  1.3287  1.9338
   28   O   Ox1   28  2.1139 -0.9016 -2.0004  1.0252 -2.8620 -0.9553
   28   O   Ox2   28  2.0499 -0.8530 -2.0906  1.8247  1.0933  0.5627
   29   O   Ox1   29  0.1368  2.0158  0.5467 -3.1187 -1.7370  3.1478
   29   O   Ox2   29  0.2293  2.0171  0.6243 -0.8225 -0.9049  0.4296
   30   O   Ox1   30  0.5137 -0.4181 -0.2255 -0.8141  0.1678  0.7760
   30   O   Ox2   30  0.4765 -0.3369 -0.1442  0.6522  0.0177  1.6040
   31   O   Ox1   31  1.7349  1.9339  3.3366 -0.6323  1.5601  1.2624
   31   O   Ox2   31  1.6916  1.8820  3.4367 -1.0095 -1.1561 -0.2895
   32   O   Ox1   32  2.1108  1.4775  0.2339 -1.3294 -0.0797 -1.6393
   32   O   Ox2   32  2.1176  1.3612  0.2660 -0.8906  0.9479  2.0773
   33   O   Ox1   33 -0.7031  1.5747  1.8840 -0.7713 -0.1173  2.8159
   33   O   Ox2   33 -0.8097  1.6088  1.9294 -2.7020 -0.0279 -1.6798
   34   O   Ox1   34 -1.8236  1.5586  5.1385  1.8940 -1.9909  0.1115
   34   O   Ox2   34 -1.8730  1.4487  5.1296 -1.0209 -0.5946 -1.2053
   35   O   Ox1   35 -1.4965  4.0526  0.6236 -0.2000 -4.1084  1.8512
   35   O   Ox2   35 -1.4777  4.1558  0.6835 -0.9084 -1.8758 -1.7111
   36   O   Ox1   36  1.2678  2.6493  2.1324 -0.0393  0.4829 -0.5001
   36   O   Ox2   36  1.1819  2.6901  2.2069 -0.0989  0.3880 -0.5168
   37   O   Ox1   37  1.8400 -1.4421  4.4615 -2.5695  2.0953  2.0826
   37   O   Ox2   37  1.7956 -1.4445  4.3492 -0.7812 -0.2495  1.4106
   38   O   Ox1   38 -1.1255 -1.2632  4.6490 -1.4115 -1.5841  0.6476
   38   O   Ox2   38 -1.1530 -1.1457  4.6528  0.8955 -1.0974  2.8744
   39   O   Ox1   39 -1.8655  3.1305 -0.2493  2.1146 -0.6641  1.7631
   39   O   Ox2   39 -1.8601  3.2066 -0.1556  2.4671  0.6079  0.7145
   40   O   Ox1   40 -0.6661  3.2956  2.1536 -2.2908 -1.4342  0.4906
   40   O   Ox2   40 -0.7586  3.3372  2.0880 -0.3166  2.9276  0.4069
   41   O   Ox1   41  1.8291  4.4797  0.2445  0.7900 -0.6964 -0.4006
   41   O   Ox2   41  1.8804  4.5832  0.2799  0.4171 -0.8914  0.7170
   42   O   Ox1   42  0.9558  2.5556 -1.1939  2.2491 -0.1712 -1.4984
   42   O   Ox2   42  0.9728  2.6249 -1.0964 -0.8776 -0.8452 -0.4501
   43   O   Ox1   43  0.6397  3.1495 -0.0745 -1.7744  2.3291 -0.6104
   43   O   Ox2   43  0.6918  3.1792  0.0304  0.3796 -1.3744 -0.5970
   44   O   Ox1   44 -0.7485  4.9850 -1.1492  1.3270 -2.5846 -2.7704
   44   O   Ox2   44 -0.7088  4.9929 -1.0354 -3.9094  1.1370 -1.1238
   45   O   Ox1   45 -1.3056  1.1850  1.3523 -0.5200 -0.7980 -3.7831
   45   O   Ox2   45 -1.3143  1.3055  1.3523  1.8308 -0.5580  2.1882
   46   O   Ox1   46  0.1336  5.6201  2.1416  0.2393 -2.8855 -2.0702
   46   O   Ox2   46  0.1672  5.5999  2.0273  2.0267 -4.1903 -1.3223
   47   O   Ox1   47 -2.1080  3.5638 -1.4573 -1.5103 -1.9558 -0.6517
   47   O   Ox2   47 -2.1189  3.6798 -1.4892  0.1823 -1.7827 -0.6178
   48   O   Ox1   48  2.6303  1.2914  3.8758 -1.7929  2.0492  0.0128
   48   O   Ox2   48  2.7260  1.3521  3.9176  2.5286 -2.7356 -2.6969
   49   O   Ox1   49  1.2633  3.5041  1.0531 -0.8210  0.6879  0.2235
   49   O   Ox2   49  1.3799  3.5040  1.0214 -1.2744  3.4032 -1.5233
   50   O   Ox1   50  1.0400  0.7750  0.8400  1.2835 -0.4674 -1.7607
   50   O   Ox2   50  1.0810  0.8849  0.8691  3.0128 -1.0858 -1.8387
   51   O   Ox1   51  0.2783  1.9441  0.9398 -1.4024 -0.2336  0.8114
   51   O   Ox2   51  0.3700  1.8831  0.8901 -0.5861  2.6253 -1.2429
   52   O   Ox1   52  0.2198  0.3696  4.3437 -3.7511  1.4607  1.8756
   52   O   Ox2   52  0.2003  0.4834  4.3796 -2.0712  3.0157 -2.0323
   53   O   Ox1   53  0.5382 -0.5061  0.4106 -1.4796 -4.4677 -4.0041
   53   O   Ox2   53  0.5029 -0.5997  0.4783  4.2420 -2.4291  2.0100
   54   O   Ox1   54  3.4036 -2.8000  2.1578  0.8885 -2.9979  2.9598
   54   O   Ox2   54  3.2954 -2.8315  2.1141  0.3626  0.6732  1.5497
   55   O   Ox1   55  1.0309  0.0140  0.7365  2.3765 -1.7033  1.6294
   55   O   Ox2   55  1.0761  0.1226  0.7092 -4.6723  1.4318  1.9985
   56   O   Ox1   56  0.4260  1.7067  7.4303 -1.5902  2.7103 -3.3328
   56   O   Ox2   56  0.5365  1.7453  7.4006 -0.4100  0.6099 -1.7320
   57   O   Ox1   57  0.0004  1.9308  0.8267 -1.6317  3.5386  2.6453
   57   O   Ox2   57 -0.0689  1.8352  0.8522 -1.2146  2.1585 -1.2435
   58   O   Ox1   58  2.1060  3.2381  1.0489  0.2168  2.0040  2.4360
   58   O   Ox2   58  2.0203  3.2254  0.9647  3.1441 -2.1326  0.0091
   59   O   Ox1   59 -0.9779  0.8524  3.7497 -0.0457 -1.7861 -1.5496
   59   O   Ox2   59 -0.9088  0.9515  3.7506 -0.8193 -1.2550  0.9475
   60   O   Ox1   60 -0.6353  0.7417  3.8282 -0.0721  0.1837 -1.2186
   60   O   Ox2   60 -0.5318  0.6945  3.8689  0.4181  0.8430 -1.6958
   61   O   Ox1   61  0.8517 -2.1721 -1.0006 -1.4621  0.7338  1.8937
   61   O   Ox2   61  0.8378 -2.1247 -1.1108 -3.4613 -2.3186  0.8080
   62   O   Ox1   62  2.0974  3.8057  2.9425  2.0385  3.4047  1.8131
   62   O   Ox2   62  2.0324  3.8814  3.0105  1.2012  1.1751  3.5213
   63   O   Ox1   63  3.9268  4.7336  0.8584 -1.3329  3.1004  1.2499
   63   O   Ox2   63  3.9770  4.8286  0.9136  1.3665  2.2030  0.3757
   64   O   Ox1   64  0.6097 -0.4556  1.6893 -0.6814  0.5980  0.5544
   64   O   Ox2   64  0.6474 -0.3602  1.6254 -0.6563 -1.9208 -3.2601
   65   O   Ox1   65  2.3491  3.6700  3.4305 -0.2651  0.3929  1.1530
   65   O   Ox2   65  2.2824  3.5701  3.4181  1.0543 -0.5442  1.5678
   66   O   Ox1   66  0.2435  2.2004  1.4956 -0.5286  1.2714 -0.1809
   66   O   Ox2   66  0.3378  2.2654  1.5342 -0.2174  1.1855 -0.7947
   67   O   Ox1   67 -0.5046 -1.8527  1.6665  1.9592 -0.8735  1.9687
   67   O   Ox2   67 -0.4541 -1.7484  1.6323 -0.6129  0.2389  1.5155
   68   O   Ox1   68  2.6477  4.0035 -0.6962 -0.1338  1.2433  3.4409
   68   O   Ox2   68  2.6769  3.8892 -0.6700 -0.6650  0.2409 -0.2176
   69   O   Ox1   69 -1.0831  3.4147  1.1579 -0.4809 -0.6894 -3.8600
   69   O   Ox2   69 -1.0560  3.2987  1.1779  1.5393  0.5619  0.9445
   70   O   Ox1   70  0.3489  2.5281  3.1103 -0.5776  0.2051 -1.1947
   70   O   Ox2   70  0.3429  2.5409  2.9903 -1.5182  1.8628 -0.9776
   71   O   Ox1   71 -0.4197  1.7002 -0.8438  3.3612 -1.2246  0.6778
   71   O   Ox2   71 -0.4547  1.8054 -0.7960  1.3351  0.0066 -3.4181
   72   O   Ox1   72 -0.4379  1.2092  2.9283  0.0104  0.7692  1.2981
   72   O   Ox2   72 -0.3567  1.2632  2.9995  2.1899 -1.3825  0.4731
   73   O   Ox1   73  1.1317  1.2508  0.9137 -0.3036 -0.3037  1.2102
   73   O   Ox2   73  1.0701  1.2018  0.8221 -0.7156 -1.1549  1.9395
   74   O   Ox1   74  0.5011  0.1584  1.0914  0.7543 -1.5444  0.3326
   74   O   Ox2   74  0.4707  0.1964  1.2019 -4.1731 -1.6405 -0.9425
   75   O   Ox1   75 -1.8424  0.6526  3.9494 -2.1633  0.5719 -0.0716
   75   O   Ox2   75 -1.8153  0.7619  3.9932  1.6446 -0.3070 -0.1701
   76   O   Ox1   76  1.5102  0.5967  2.5422  0.9329 -1.1358 -2.2195
   76   O   Ox2   76  1.5248  0.5171  2.6318  0.3976 -0.2608 -1.3507
   77   O   Ox1   77  1.0313  1.7826  2.5764 -3.6148 -3.8530 -3.7192
   77   O   Ox2   77  0.9680  1.8815  2.5480 -0.9338 -1.2207 -0.6930
   78   O   Ox1   78 -1.2133  1.5869  4.3139  1.3248 -2.1724  1.5154
   78   O   Ox2   78 -1.2170  1.7009  4.3535  2.1993 -0.9960 -1.7223
   79   O   Ox1   79 -0.2194  1.3964  3.2789 -1.3196  1.7596  0.2923
   79   O   Ox2   79 -0.3000  1.4551  3.3471 -1.6059  2.0135 -0.2637
   80   O   Ox1   80 -1.2970  2.0455  5.8893 -0.7068  0.7801 -2.4834
   80   O   Ox2   80 -1.3111  1.9272  5.8694  0.6415  0.2108 -0.1361
   81   O   Ox1   81  0.9741  1.7897  1.4337 -3.5707  1.1400 -4.4456
   81   O   Ox2   81  1.0545  1.8732  1.4677 -3.3631 -1.3239  1.3402
   82   O   Ox1   82  2.7446  3.7082  2.4270  0.6350 -0.5640 -1.1890
   82   O   Ox2   82  2.8292  3.6652  2.3522 -1.4482 -1.8655 -2.8224
   83   O   Ox1   83  1.9194  1.8018  1.2041  3.8976  2.2043 -1.8094
   83   O   Ox2   83  1.8606  1.7934  1.3093  1.1211  0.8414 -3.4481
   84   O   Ox1   84 -1.3234  6.9407  3.8517 -3.4790  0.1095 -0.4547
   84   O   Ox2   84 -1.3924  6.8794  3.7737  0.4319 -2.0153 -2.3025
   85   O   Ox1   85  0.2512  6.4352 -0.7265  0.3000 -0.0873 -0.1374
   85   O   Ox2   85  0.2719  6.5317 -0.6569 -1.1745  1.7038 -2.1572
   86   O   Ox1   86 -1.0447 -2.3908  2.0197  0.3941 -1.0001  0.5896
   86   O   Ox2   86 -1.1309 -2.3075  2.0348 -0.9669 -2.8863  3.3885
   87   O   Ox1   87  0.1464  3.7603  0.0743 -3.9635  1.2326 -1.5923
   87   O   Ox2   87  0.2016  3.6619  0.0312 -0.3852  1.0046  3.3354
   88   O   Ox1   88  3.0183  3.0157  0.8384  0.8660 -1.8130  2.5344
   88   O   Ox2   88  3.0096  3.1067  0.9174 -1.0722 -1.1082  1.5209
   89   O   Ox1   89 -0.1271 -1.0334  2.1470 -0.7565  0.0676 -0.0098
   89   O   Ox2   89 -0.0325 -0.9770  2.0973 -1.2836  1.0410  0.0864
   90   O   Ox1   90  0.4431  3.3994 -0.6489  2.3631 -0.0589 -0.0757
   90   O   Ox2   90  0.4860  3.3349 -0.5562 -2.1187 -2.5161  0.3478
   91   O   Ox1   91 -2.6436  1.5289  2.7646  0.7115 -0.5046  4.2845
   91   O   Ox2   91 -2.5539  1.5038  2.8415  2.0116 -0.9085  2.6482
   92   O   Ox1   92  1.1653  2.9140  1.9100 -0.0789 -0.5590 -1.3774
   92   O   Ox2   92  1.1049  2.8095  1.9043  0.0575 -0.6623 -0.9382
   93   O   Ox1   93  0.0173  4.8409  1.1087  3.6481 -0.2640 -3.3550
   93   O   Ox2   93 -0.0372  4.7442  1.1565  0.4864  3.8629  1.5902
   94   O   Ox1   94 -0.7605  6.3816  3.2024  3.5051 -1.7621  0.1512
   94   O   Ox2   94 -0.7584  6.4951  3.2439  0.4536 -1.6463  0.0302
   95   O   Ox1   95 -1.7929 -0.1031  1.3035  1.0909 -2.1906 -4.7057
   95   O   Ox2   95 -1.8027 -0.0319  1.2064 -4.8299 -0.6115 -3.0338
   96   O   Ox1   96 -2.9450  3.1464  4.2881 -0.1001  0.2352 -2.3103
   96   O   Ox2   96 -3.0079  3.0462  4.3126  0.2346  0.4809 -0.4132
   97   O   Ox1   97 -1.3138  3.6354  4.7829  0.4807 -2.9813 -1.2768
   97   O   Ox2   97 -1.2750  3.6415  4.6687 -0.2046 -2.3446 -1.4773
   98   O   Ox1   98  0.1122  1.6490  1.0318 -0.0482  1.1355  0.7122
   98   O   Ox2   98  0.1824  1.5591  1.0717 -0.7797  0.6504  0.9108
   99   O   Ox1   99  1.0593  2.4145  2.4337 -4.3478  0.2699  5.6344
   99   O   Ox2   99  1.0233  2.5292  2.4216  3.3537  2.3708  1.2547
  100   O   Ox1  100  0.9128  3.2643  1.4299  0.2595 -0.5795 -0.4224
  100   O   Ox2  100  1.0075  3.3335  1.4588 -1.7338  2.6529 -1.5187
  101   O   Ox1  101 -3.1735  1.5655  0.2549 -1.1303 -2.0496  0.7704
  101   O   Ox2  101 -3.0593  1.5522  0.2180 -0.6261  2.1302  0.7223
  102   O   Ox1  102  0.2862  2.7881  2.4941  1.3359 -0.8450 -1.8769
  102   O   Ox2  102  0.3446  2.7923  2.3884 -0.4862  3.0927 -2.7655
  103   O   Ox1  103 -0.0002 -1.1461  1.3776  0.2939 -1.7802  0.1399
  103   O   Ox2  103 -0.0074 -1.2551  1.3259 -1.8515 -0.6501 -1.9871
  104   O   Ox1  104  2.8128 -1.1669 -3.1529 -2.1599 -1.0273  1.2721
  104   O   Ox2  104  2.8124 -1.2877 -3.1535  0.9585 -1.0856 -4.7619
  105   O   Ox1  105  2.4174  0.5582  3.0110  0.7441  2.2830 -1.0280
  105   O   Ox2  105  2.4170  0.4393  2.9895 -2.1520  1.7952  1.5682
  106   O   Ox1  106  0.1178  1.9326 -0.4058  2.2541 -1.7519  1.0307
  106   O   Ox2  106  0.1859  2.0166 -0.4596 -0.3057 -1.1074 -1.2452
  107   O   Ox1  107 -1.3601  0.2791  2.0064 -0.3910 -2.7144  1.5438
  107   O   Ox2  107 -1.3239  0.2561  1.8935 -2.0240 -2.0962  0.8883
  108   O   Ox1  108  0.5746  2.4899  0.7188  1.8109  1.3660 -0.6181
  108   O   Ox2  108  0.5887  2.5460  0.6128 -0.1912  2.4479 -0.3224
  109   O   Ox1  109  0.0480  3.4371  2.6399  0.7364  0.4454  0.4620
  109   O   Ox2  109  0.1362  3.3730  2.6918 -0.1816 -2.9711 -2.1310
  110   O   Ox1  110  0.2718  0.0060  1.4957  1.0719 -0.7132 -1.6714
  110   O   Ox2  110  0.3680  0.0581  1.4445  1.1164  3.9522  2.9917
  111   O   Ox1  111  0.1160  1.2707 -3.3187 -1.4415  1.2889 -0.5174
  111   O   Ox2  111  0.1179  1.1503 -3.3088 -1.7712  1.1997 -1.5068
  112   O   Ox1  112  3.6617  1.0232  3.8355 -0.6681  2.8572 -0.4900
  112   O   Ox2  112  3.5546  0.9684  3.8459  0.0612  2.2022  3.9659
  113   O   Ox1  113  0.6299  1.6432 -1.8801  0.3540 -0.8823 -1.1028
  113   O   Ox2  113  0.5641  1.5439 -1.8600 -0.6380  0.1020  0.5606
  114   O   Ox1  114 -1.3211 -0.0255  2.3460  3.3106 -0.9904 -2.0822
  114   O   Ox2  114 -1.2924 -0.1414  2.3645  4.8082 -0.4453 -0.9606
  115   O   Ox1  115 -0.3288  0.0277  1.3461  0.4203  3.3807  0.4643
  115   O   Ox2  115 -0.3282  0.0661  1.2315 -5.0969  1.8589 -0.1309
  116   O   Ox1  116 -1.4448 -2.2087  2.1446  0.1985  1.1953 -2.0524
  116   O   Ox2  116 -1.3803 -2.1390  2.2193 -1.1305 -0.7570  0.9548
  117   O   Ox1  117 -5.6145 -3.5790  1.4507  3.3421  1.7948  5.7747
  117   O   Ox2  117 -5.6857 -3.4850  1.4247  0.5879 -0.9983  3.0445
  118   O   Ox1  118  0.4961  0.4444  3.7366  1.8602  1.4938  2.6429
  118   O   Ox2  118  0.5479  0.3552  3.6737 -0.3620 -0.0242  2.9417
  119   O   Ox1  119  0.3537  0.2561  2.1179  1.1325  1.2181  0.1244
  119   O   Ox2  119  0.3528  0.2397  2.2376 -1.4779  0.3452 -0.0035
  120   O   Ox1  120 -1.1229  1.3288  2.2982 -1.7440 -0.0667 -0.4875
  120   O   Ox2  120 -1.1940  1.4143  2.2511  0.0564  0.7644 -1.7201
  121   O   Ox1  121  1.8756 -1.4267  0.8185  0.1335  0.5706  0.1660
  121   O   Ox2  121  1.8140 -1.5292  0.8357  1.3391 -0.2134 -0.1689
  122   O   Ox1  122 -0.7851  1.2546 -0.6505  0.6851  1.1338  1.6130
  122   O   Ox2  122 -0.8451  1.3479 -0.6984 -3.3896 -3.1829 -1.8856
  123   O   Ox1  123  0.9158  4.0670  0.5420 -3.2765  2.9337 -3.2241
  123   O   Ox2  123  1.0137  4.0817  0.4728 -2.5264  0.5697 -2.6828
  124   O   Ox1  124 -2.1753 -1.2334 -0.4012  1.7287  0.2029  1.7051
  124   O   Ox2  124 -2.1027 -1.2281 -0.3048  1.7066  3.9654  1.5461
  125   O   Ox1  125  1.1024  1.1556 -1.3781 -2.9992  0.3764 -2.5613
  125   O   Ox2  125  1.1857  1.2322 -1.3359 -2.8629 -2.1942  1.9669
  126   O   Ox1  126 -1.0040  4.3920  0.5484 -3.9764 -0.1081  1.2872
  126   O   Ox2  126 -0.9172  4.4472  0.6117 -1.8141 -2.0271  0.0243
  127   O   Ox1  127 -1.1920  0.6833 -2.0146  2.4819  1.8310  0.3042
  127   O   Ox2  127 -1.1005  0.6177 -2.0586  0.8507 -1.6573  2.0289
  128   O   Ox1  128 -1.3070 -0.0698  4.7695 -0.0302 -1.1170 -0.0683
  128   O   Ox2  128 -1.2210 -0.1297  4.8295  0.9847 -1.3210 -1.7146
  129   O   Ox1  129  3.1821  1.4115  1.8715 -2.9244  2.2208  0.9438
  129   O   Ox2  129  3.0683  1.4295  1.8351 -2.2407  2.4944 -1.0826
  130   O   Ox1  130 -0.6460  2.8090  1.8592  0.0161 -3.6611 -4.5346
  130   O   Ox2  130 -0.5497  2.8227  1.7877  1.8623 -0.3666 -1.4780
  131   O   Ox1  131  1.1836  3.5493 -1.0311 -1.8093  0.7693  1.3256
  131   O   Ox2  131  1.1581  3.4713 -1.1198 -1.6592  3.2130 -0.8912
  132   O   Ox1  132  0.7265  4.0705  2.6050 -1.4831  2.4647  0.0220
  132   O   Ox2  132  0.8070  4.1151  2.6833 -3.0823  1.1941  2.4176
  133   O   Ox1  133  1.7301  1.1661  1.1338 -0.7556 -3.3547 -1.9318
  133   O   Ox2  133  1.7776  1.1661  1.2449 -3.1001 -1.3243 -0.9099
  134   O   Ox1  134 -1.5645  4.4835  0.1626 -4.0319 -1.9750 -1.0356
  134   O   Ox2  134 -1.5280  4.4983  0.0484  1.8438  0.0151  1.0254
  135   O   Ox1  135 -1.4936  1.4849 -0.4696 -0.2574  0.7181 -0.8518
  135   O   Ox2  135 -1.5356  1.3856 -0.5241 -0.1200 -0.6577  1.5217
  136   O   Ox1  136  0.0775 -1.5161  0.1847 -1.0304 -2.1129 -3.7878
  136   O   Ox2  136 -0.0244 -1.4603  0.2177 -0.6413 -1.9794 -2.8039
  137   O   Ox1  137 -1.3210  2.3767 -0.8010  0.6205  3.0206 -1.2455
  137   O   Ox2  137 -1.3268  2.2823 -0.8762  3.5144  1.1120  0.8834
  138   O   Ox1  138  3.4426  1.8160  1.1919 -3.2915 -3.4187  0.2629
  138   O   Ox2  138  3.3888  1.9080  1.1349  1.7516  1.3488  3.0043
  139   O   Ox1  139  0.8762 -0.4524  4.6489 -1.9420 -1.4107 -1.4056
  139   O   Ox2  139  0.9487 -0.5476  4.6655 -2.1513 -1.6023 -1.5897
  140   O   Ox1  140  0.0615  1.2766  1.5668 -2.1038 -0.4350 -1.0013
  140   O   Ox2  140  0.0382  1.3916  1.5957  0.8092 -0.3296  1.0191
  141   O   Ox1  141  3.0309  1.3419  4.1141  1.8939  0.3505 -2.5810
  141   O   Ox2  141  3.0035  1.2533  4.0367 -1.4917  2.1290 -3.4611
  142   O   Ox1  142  2.3578  1.3447  0.8983 -1.1202  0.2486  0.2224
  142   O   Ox2  142  2.3479  1.3609  0.7790 -0.5251  2.0169  0.4067
  143   O   Ox1  143 -2.1846  3.3210 -1.2427 -0.2021 -0.3765  0.2456
  143   O   Ox2  143 -2.2384  3.3380 -1.1359  1.2806  1.8445  0.6546
  144   O   Ox1  144  1.9171  5.4505 -1.4806 -0.7583  1.6695  0.1062
  144   O   Ox2  144  1.8727  5.4603 -1.5926 -1.2918  1.9989  0.3459
  145   O   Ox1  145 -1.3401  4.7390  3.6508 -2.4590  0.1573 -0.5592
  145   O   Ox2  145 -1.3386  4.6719  3.7512 -1.5667  2.7241  1.1655
  146   O   Ox1  146 -1.8410 -0.7783  2.8281  2.8780 -0.6734 -0.6655
  146   O   Ox2  146 -1.8990 -0.6736  2.8446  1.3590 -1.9154  2.0059
  147   O   Ox1  147  1.1308 -2.1470  3.1287 -0.5113  0.4434  2.5853
  147   O   Ox2  147  1.2478 -2.1189  3.1396  0.2820 -1.7961  0.0469
  148   O   Ox1  148  3.0952 -1.4612 -1.9008 -0.9126  2.0959  0.9881
  148   O   Ox2  148  3.0060 -1.5426 -1.9031  0.1522  0.9677 -0.7922
  149   O   Ox1  149  0.5063 -1.3200  0.6340 -0.0700 -4.1654  2.1010
  149   O   Ox2  149  0.5770 -1.3670  0.5481 -0.3117 -0.0848 -0.3794
  150   O   Ox1  150 -1.5091 -0.2006  1.1086 -0.6047 -0.1643 -0.3006
  150   O   Ox2  150 -1.5507 -0.3111  1.1346 -1.6872  0.5350  0.9678
  151   O   Ox1  151 -0.9215  2.5998  1.9957 -2.1558 -2.2286 -2.7127
  151   O   Ox2  151 -0.8209  2.5369  1.9730 -0.8405 -0.5924 -1.4741
  152   O   Ox1  152  1.7119  2.0144  1.4836  2.5843  3.9737 -3.8416
  152   O   Ox2  152  1.7937  2.0309  1.5709 -0.9006  2.7449 -0.2843
  153   O   Ox1  153  2.0151  3.0140  4.8545 -0.5251 -1.0140 -1.2021
  153   O   Ox2  153  2.0888  2.9398  4.9148 -1.2689 -1.1461 -0.4522
  154   O   Ox1  154  1.2871 -4.5981  1.1232 -0.5182 -1.6623  0.6673
  154   O   Ox2  154  1.1709 -4.5748  1.1463  0.4485  2.3894  1.5965
  155   O   Ox1  155  1.3440  2.3097  3.1145  0.2295 -0.8050 -0.6029
  155   O   Ox2  155  1.2707  2.4039  3.0961  4.7703  2.8698 -0.2532
  156   O   Ox1  156  0.3241  2.8456  3.3083  0.1301 -1.2802  2.5578
  156   O   Ox2  156  0.2538  2.7513  3.3360 -3.1867  0.7753  1.2525
  157   O   Ox1  157 -0.6322  2.2786  3.6553 -2.5119 -1.6293 -0.2039
  157   O   Ox2  157 -0.5864  2.1924  3.7265  0.3569  0.0135 -0.0302
  158   O   Ox1  158 -0.0366  1.4679  1.9986  1.1916 -0.3164  1.3372
  158   O   Ox2  158 -0.1413  1.5155  1.9619  1.2511 -0.8038  0.5312
  159   O   Ox1  159 -0.1737  4.0020  4.6124 -0.8322 -4.9258  1.2263
  159   O   Ox2  159 -0.2714  4.0594  4.5705 -0.5448 -4.6632  0.9149
  160   O   Ox1  160 -0.8129  1.9429  1.9438  0.6083  0.9830 -0.5650
  160   O   Ox2  160 -0.9168  1.9264  1.8843  1.8651 -2.3461 -1.8858
  161   O   Ox1  161 -0.0898  0.7805  2.0757  1.0198  4.7708  2.2666
  161   O   Ox2  161 -0.0463  0.7889  1.9634 -2.6284 -1.9312  0.2402
  162   O   Ox1  162  0.0963  3.0142  1.2892  2.0127 -3.7263  0.2320
  162   O   Ox2  162  0.0274  3.0736  1.2098  0.6545 -5.5975 -0.0029
  163   O   Ox1  163  1.4675  0.9219 -2.3103  0.4059 -0.4380  1.5508
  163   O   Ox2  163  1.4298  0.9453 -2.4226 -3.0939  0.1771  2.8280
  164   O   Ox1  164  1.7512  3.7038  0.2772 -0.9056  2.5989  0.2799
  164   O   Ox2  164  1.7271  3.8164  0.3137  1.0840  2.4937  1.9569
  165   O   Ox1  165 -2.0718  3.1448  0.5922  0.0123 -0.0089  2.0519
  165   O   Ox2  165 -1.9631  3.0926  0.5986  1.6283  2.6319 -2.8535
  166   O   Ox1  166  1.9555  2.6106  1.6592  1.7968 -2.3924  2.2839
  166   O   Ox2  166  2.0057  2.5027  1.6386  0.7959 -2.4181 -0.0854
  167   O   Ox1  167  4.1581  1.6422  1.8073  0.3371  1.1786  0.8821
  167   O   Ox2  167  4.0653  1.7188  1.8179 -1.1858 -0.8510  2.3847
  168   O   Ox1  168  1.1537  3.1652  3.2990 -1.3715  3.3272  2.8107
  168   O   Ox2  168  1.2610  3.1458  3.2472 -2.3318  2.1954  1.2266
  169   O   Ox1  169  3.0640  0.6389  0.9044  0.1888 -2.1157  0.9990
  169   O   Ox2  169  3.0675  0.6645  0.7864 -1.2300 -0.4646  1.3072
  170   O   Ox1  170  3.3694  0.6326  0.6207 -0.7625  0.8665  3.8357
  170   O   Ox2  170  3.3047  0.7321  0.5986 -0.6515 -0.1452 -1.2911
  171   O   Ox1  171 -2.1347  2.8601  1.8760  2.3533  1.4293 -1.0836
  171   O   Ox2  171 -2.0850  2.7558  1.8405 -1.5470  0.6879 -4.5220
  172   O   Ox1  172  0.6093  1.2342  0.8438 -0.5310  0.8865  1.5765
  172   O   Ox2  172  0.7133  1.2141  0.7857 -2.1812 -4.0389  0.2301
  173   O   Ox1  173  0.7166  0.5738  2.4777 -1.2041  1.5033  0.2021
  173   O   Ox2  173  0.6322  0.6173  2.5525 -1.2832  0.5317  0.6803
  174   O   Ox1  174 -0.4377  2.1166  1.2384  0.3715  1.0134  1.0223
  174   O   Ox2  174 -0.3314  2.0849  1.2862  0.6957 -0.0918 -0.4188
  175   O   Ox1  175 -2.1248 -0.3004  2.3506  0.9246 -0.1289 -0.1552
  175   O   Ox2  175 -2.1636 -0.1870  2.3657 -2.3979 -0.8851 -2.7837
  176   O   Ox1  176  1.9335  0.8997 -1.5240 -1.5705 -2.0365  0.1871
  176   O   Ox2  176  1.9881  0.7929 -1.5099  1.8884  0.0083  2.5722
  177   O   Ox1  177 -1.9443  4.8564  1.2330 -1.4030 -3.0327 -0.7478
  177   O   Ox2  177 -1.8432  4.8189  1.1786 -0.8222 -2.4174 -0.0962
  178   O   Ox1  178  0.2322  4.4197  0.7390  0.8340  1.5401  1.5730
  178   O   Ox2  178  0.1824  4.4897  0.6540  2.6415 -1.3077 -1.8852
  179   O   Ox1  179  0.2720  0.5233  1.8819 -3.6102  0.6714  0.3261
  179   O   Ox2  179  0.2076  0.4306  1.9250 -0.9628 -1.0990  0.5212
  180   O   Ox1  180  1.5505  2.9248  0.3941  2.9242 -0.2366 -0.4456
  180   O   Ox2  180  1.5857  2.9762  0.2906 -0.3874  3.5021  0.2375
  181   O   Ox1  181 -1.9121  5.3702 -1.9611 -1.0389 -3.1343 -0.5315
  181   O   Ox2  181 -1.8658  5.3981 -1.8531  0.1356 -1.1066 -1.5445
  182   O   Ox1  182 -1.4055  3.4312 -1.3810  0.1970 -3.8857  1.7244
  182   O   Ox2  182 -1.5031  3.4653 -1.4435  1.1333  0.6759  2.6815
  183   O   Ox1  183  3.3795  2.4610  2.0773  1.4639  1.6956 -0.2128
  183   O   Ox2  183  3.4108  2.4833  1.9628  2.8579  0.6978 -0.0315
  184   O   Ox1  184  0.5219  2.4663  1.3376  0.2494  0.8483  0.6314
  184   O   Ox2  184  0.4253  2.5109  1.3947  1.0010 -0.4897  2.9767
  185   O   Ox1  185  0.0441  3.0077  0.5533 -0.2007 -1.1654 -4.7150
  185   O   Ox2  185 -0.0368  2.9180  0.5522 -2.9284  1.1345  0.7566
  186   O   Ox1  186 -0.3616  3.8704  1.0264 -4.2275  4.8290  0.2438
  186   O   Ox2  186 -0.4623  3.8413  0.9665 -3.8318 -1.1249  2.3353
  187   O   Ox1  187  1.1794  2.2553  2.0711 -2.6964  0.5065 -1.6714
  187   O   Ox2  187  1.1963  2.3368  2.1587  2.7286 -1.1494 -1.1058
  188   O   Ox1  188  1.7908  0.8715 -0.0169  2.7871 -0.6991 -1.9383
  188   O   Ox2  188  1.8093  0.9909 -0.0144 -0.1371 -0.2793  1.0325
  189   O   Ox1  189  1.1288  4.9310 -0.2788 -1.4974 -1.3426 -2.0196
  189   O   Ox2  189  1.2385  4.9414 -0.3283  0.7672  0.6356  3.2608
  190   O   Ox1  190 -0.0836  0.6425  0.1146 -0.2969  0.1012  0.4247
  190   O   Ox2  190 -0.1360  0.7445  0.1528 -2.0762 -1.6705  2.7777
  191   O   Ox1  191  3.1314  4.1948  0.3244  0.2798  0.4995 -4.5629
  191   O   Ox2  191  3.1748  4.3073  0.3308  1.9198 -0.4228  1.9951
  192   O   Ox1  192  0.8067 -0.5882 -0.2569 -0.7572  2.1279 -0.6083
  192   O   Ox2  192  0.7173 -0.6499 -0.2042 -2.7460  3.0399 -2.8790
  193   O   Ox1  193  0.9000  2.1822  2.2587 -0.6882 -0.5450  2.2314
  193   O   Ox2  193  0.8428  2.2631  2.1896  0.6407 -2.7032 -1.4557
  194   O   Ox1  194  1.7482 -1.6045  1.9312  0.3451 -0.4493 -2.9589
  194   O   Ox2  194  1.6460 -1.5731  1.9873  1.3864  0.6148 -1.6411
  195   O   Ox1  195 -0.3963  3.2623  3.7013 -0.6325  3.5664  2.5671
  195   O   Ox2  195 -0.4800  3.2963  3.6211  0.2278 -0.5664 -0.1457
  196   O   Ox1  196  0.6495  1.9798  3.0898  1.8452 -1.0222 -3.6500
  196   O   Ox2  196  0.7695  1.9901  3.0808  1.8553  1.9704 -0.5240
  197   O   Ox1  197  2.1085  1.3002  2.7517 -1.7009 -2.7396 -1.8225
  197   O   Ox2  197  2.0181  1.2215  2.7368 -2.5367 -2.3804  1.2207
  198   O   Ox1  198 -1.8212 -0.9336  3.4022 -3.1434  0.3669 -0.9433
  198   O   Ox2  198 -1.9300 -0.9027  3.3600 -3.3275 -1.3455 -1.7409
  199   O   Ox1  199 -0.9910  0.2392  2.9221 -0.7201 -0.8161  0.6122
  199   O   Ox2  199 -0.9027  0.3216  2.9174 -0.3914 -1.1686  0.5962
  200   O   Ox1  200  1.7391  3.8117  1.6799 -0.5033  0.2152 -1.2365
  200   O   Ox2  200  1.7037  3.8310  1.5660  1.2440 -1.8330 -2.1412
  201   O   Ox1  201  2.6045  1.6485  3.8923  0.5097  1.4980  0.7650
  201   O   Ox2  201  2.5063  1.5842  3.8638  1.2863 -0.0376  1.5294
  202   O   Ox1  202  4.4376  1.6922  2.4579  4.3905 -1.6363 -2.8179
  202   O   Ox2  202  4.4343  1.6027  2.5390  3.9842  0.5718 -0.3709
  203   O   Ox1  203  2.2970 -1.5041  1.9319 -1.6399  1.5297  0.6474
  203   O   Ox2  203  2.3308 -1.4388  2.0278  2.0190  1.5080 -0.5981
  204   O   Ox1  204  0.3213  1.3975 -3.0990  0.3954 -3.3464  1.0622
  204   O   Ox2  204  0.4291  1.4148 -3.0473 -0.7833 -1.5290  2.9426
  205   O   Ox1  205  0.6314 -0.1621  0.1617 -2.8847 -1.0953  2.2930
  205   O   Ox2  205  0.6790 -0.1911  0.2689 -2.5872 -2.1625  1.8754
  206   O   Ox1  206  2.6545 -3.0332  1.0126  1.0948 -0.1463 -1.3867
  206   O   Ox2  206  2.7475 -2.9753  1.0634  1.1606 -0.0789 -1.5838
  207   O   Ox1  207  0.7496  2.7976  0.6174 -0.1093  2.0416 -1.7894
  207   O   Ox2  207  0.6621  2.8247  0.5386  0.0040 -0.4163 -2.7815
  208   O   Ox1  208  0.5377  2.7488  2.6672 -0.2305 -3.2478  2.3040
  208   O   Ox2  208  0.5250  2.8528  2.7273 -0.5491 -0.0397 -3.1711
  209   O   Ox1  209 -1.8140 -3.3250  0.3266  0.1612  0.5780  1.2231
  209   O   Ox2  209 -1.9347 -3.3301  0.3252  0.1836  0.5334 -2.7418
  210   O   Ox1  210  0.1082 -0.5662  0.8431  1.5968  2.2563 -1.8422
  210   O   Ox2  210  0.0473 -0.5122  0.9324  1.4089  0.1040 -0.6551
  211   O   Ox1  211  3.9067  1.4521  2.5978  0.9558  0.4430  3.2299
  211   O   Ox2  211  3.9104  1.3923  2.7027 -1.0757 -3.4860  1.1095
  212   O   Ox1  212 -0.6480  0.4420  0.4035 -1.3552  0.4712 -0.8261
  212   O   Ox2  212 -0.5469  0.4552  0.4684 -0.4686 -0.8495 -1.9265
  213   O   Ox1  213  0.6089 -1.4106  1.6607  2.0561  2.9022 -3.9877
  213   O   Ox2  213  0.6856 -1.4141  1.7540 -2.8808  0.2434  0.0701
  214   O   Ox1  214  2.8802  1.2344 -0.1951  1.6912 -0.9295 -0.3190
  214   O   Ox2  214  2.9549  1.1395 -0.1976  0.2771 -2.1715  3.2709
  215   O   Ox1  215  1.9001  0.3188  2.3312 -0.8140 -3.0508  1.3724
  215   O   Ox2  215  1.9669  0.2968  2.4295  0.5065 -2.5493  0.5922
  216   O   Ox1  216  2.5279 -1.2516  1.5955 -3.4338  3.6038 -2.3071
  216   O   Ox2  216  2.6319 -1.1968  1.6231 -0.9831 -2.6260  1.2461
  217   O   Ox1  217  1.1876  0.1699  2.9901 -0.2527  0.2824 -4.0479
  217   O   Ox2  217  1.2950  0.1293  2.9527  1.5028  1.1028 -0.0037
  218   O   Ox1  218  1.4031  0.3867  3.8373  1.4594 -1.8558 -0.2848
  218   O   Ox2  218  1.4059  0.4095  3.9559 -1.2133 -2.3122 -0.1237
  219   O   Ox1  219  2.1860  1.9045  1.3912  0.3145  3.4989 -2.1412
  219   O   Ox2  219  2.0918  1.9786  1.4064 -1.6500  0.9674 -1.8418
  220   O   Ox1  220  4.2960 -1.1897  0.4273 -4.4909  0.3912 -0.4356
  220   O   Ox2  220  4.3161 -1.1922  0.3082  1.2053  2.7071  0.4123
  221   O   Ox1  221 -1.1049 -0.6206 -1.9645 -0.1286  1.5754  0.8552
  221   O   Ox2  221 -0.9999 -0.6437 -2.0194 -1.7359  0.2939 -1.7192
  222   O   Ox1  222  0.0990  2.6847  0.7857 -1.4927 -0.0859  0.0313
  222   O   Ox2  222  0.0056  2.6282  0.7339 -0.7014  0.7957 -2.3862
  223   O   Ox1  223  4.1084  0.5936 -2.1265 -2.0171 -1.9012  0.6607
  223   O   Ox2  223  4.0843  0.7075 -2.1585  0.0249 -1.8331 -0.6729
  224   O   Ox1  224  5.6619  3.0547 -0.4141  0.6321 -0.6111 -2.8816
  224   O   Ox2  224  5.5441  3.0608 -0.3883  1.7972 -0.4690  2.6615
  225   O   Ox1  225  3.4049  1.5771  5.6237  2.5213  0.7640  0.7108
  225   O   Ox2  225  3.4182  1.4728  5.6831 -6.2445 -0.9731 -0.1064
  226   O   Ox1  226  2.5658 -0.4114  1.2442 -2.1456  0.8947 -1.2502
  226   O   Ox2  226  2.4966 -0.3258  1.2939 -0.5267  0.3350  2.0235
  227   O   Ox1  227  3.1310 -0.9907  0.0482 -2.7832  0.2822  1.3251
  227   O   Ox2  227  3.1854 -1.0439  0.1421 -0.4819 -4.3401 -2.5358
  228   O   Ox1  228  2.0759  2.3611  1.3438  0.1652 -0.1125 -1.7739
  228   O   Ox2  228  2.1909  2.3638  1.3069  0.2335  2.3496 -1.4110
  229   O   Ox1  229  0.5295  1.4680  4.0865  2.2710 -0.2862  0.5576
  229   O   Ox2  229  0.4824  1.5724  4.0481 -1.6562 -2.8471 -1.7318
  230   O   Ox1  230  2.0492  0.7496  1.6002 -0.9881  1.3737  0.2141
  230   O   Ox2  230  1.9990  0.8545  1.6330  0.1879  1.6481  1.1512
  231   O   Ox1  231  0.8376  0.0828 -0.0000 -2.1870 -0.5518  1.8031
  231   O   Ox2  231  0.9574  0.0925 -0.0125 -2.4017  0.9990  0.8962
  232   O   Ox1  232  1.6052  2.7597  1.4145 -0.1536  2.2704  0.6430
  232   O   Ox2  232  1.6759  2.7457  1.5114 -0.1372  1.1158  0.4676
  233   O   Ox1  233  1.9134  0.4872  4.5760  2.6128  3.1905 -1.5434
  233   O   Ox2  233  2.0268  0.4500  4.5950  0.6970 -2.2051 -0.3351
  234   O   Ox1  234  1.7412  3.0124  4.1092 -0.1363 -2.5333  0.4704
  234   O   Ox2  234  1.8369  3.0067  4.0357 -2.4597 -2.5951 -2.5944
  235   O   Ox1  235  1.0479 -1.5628  2.1068  0.5991  0.5820  3.5640
  235   O   Ox2  235  1.0955 -1.6731  2.0948 -1.9674 -0.1673 -0.0523
  236   O   Ox1  236 -0.3778 -1.0310  0.7532  0.6862 -0.4524  1.1597
  236   O   Ox2  236 -0.4176 -1.1434  0.7727  3.0647 -1.5888 -0.4378
  237   O   Ox1  237  0.8319 -0.5089  0.6801 -0.5185  0.9893 -3.0662
  237   O   Ox2  237  0.7960 -0.6151  0.6351 -0.8942 -0.0679 -0.3096
  238   O   Ox1  238  1.7131  0.6041  4.3128  1.9523 -1.0185 -2.1659
  238   O   Ox2  238  1.7155  0.7002  4.3859 -1.7673 -1.7401 -1.0508
  239   O   Ox1  239  2.0893 -1.5475  3.8647 -2.6694 -1.8378 -2.7359
  239   O   Ox2  239  2.0705 -1.6558  3.9147 -0.8765 -0.3538  1.2372
  240   O   Ox1  240  3.0737 -0.7195  3.0075  0.1191 -3.0010 -3.3206
  240   O   Ox2  240  3.1198 -0.7738  3.1050 -0.6922  0.2917 -1.0706
  241   O   Ox1  241  0.8824  1.0519  0.0133  0.4832 -1.7442  1.5131
  241   O   Ox2  241  0.9451  0.9572 -0.0279 -0.5064 -1.8849  0.3183
  242   O   Ox1  242  3.0566  0.4929  1.1925  0.5624 -1.2140  1.8939
  242   O   Ox2  242  3.1374  0.4751  1.2805  2.2856 -0.4072  0.4880
  243   O   Ox1  243  0.7829  4.4401  3.1796 -0.6799 -0.1052 -0.0083
  243   O   Ox2  243  0.6654  4.4556  3.1564 -0.3899  0.8631 -0.8457
  244   O   Ox1  244  1.5095  0.5390 -3.8720  1.8450 -0.6827 -1.2278
  244   O   Ox2  244  1.4216  0.5655 -3.7936 -0.2412 -3.4895 -2.5814
  245   O   Ox1  245  0.3798  1.1678  0.6050 -0.5429  0.1822  3.7075
  245   O   Ox2  245  0.4878  1.1140  0.5983  0.8297  3.3777 -0.7758
  246   O   Ox1  246 -0.5785  3.7925 -0.1522  1.5474  1.8899  0.6171
  246   O   Ox2  246 -0.4731  3.8476 -0.1310  3.5829 -1.5306 -0.4649
  247   O   Ox1  247  1.4977 -0.7640  2.2860 -0.7256 -3.5290  0.8694
  247   O   Ox2  247  1.4575 -0.7159  2.1827  1.8189 -3.7100 -0.2223
  248   O   Ox1  248  3.6816  0.0231 -0.4431 -3.4972  2.8367  1.6368
  248   O   Ox2  248  3.7391  0.0225 -0.3369  0.1312  2.3619 -0.2985
  249   O   Ox1  249  0.3395  3.9351 -1.1284  3.0226  2.6268 -0.0338
  249   O   Ox2  249  0.3752  3.9794 -1.2349  0.7576 -0.1627 -1.9838
  250   O   Ox1  250  1.7805  2.2634  1.9073  2.7919 -1.6057  0.6160
  250   O   Ox2  250  1.7737  2.2717  1.7870 -0.3071  0.5369  0.9156
  251   O   Ox1  251  4.3750 -0.8302 -0.8608 -2.5926  3.1521 -1.3518
  251   O   Ox2  251  4.3841 -0.8371 -0.9811  0.6348  0.2861 -0.9760
  252   O   Ox1  252  3.4525  2.1420  4.7690  1.2584 -2.4896  0.8178
  252   O   Ox2  252  3.3820  2.0469  4.7454 -0.4073 -1.3172  1.0324
  253   O   Ox1  253  1.3337 -1.0793  5.3330  4.7396  1.3174  0.4575
  253   O   Ox2  253  1.3503 -0.9598  5.3389  0.3600  2.0464 -1.1533
  254   O   Ox1  254 -1.2857  5.5996  3.5551 -2.8924  0.6027 -1.5317
  254   O   Ox2  254 -1.1666  5.6037  3.5350 -2.2973 -2.2933  1.2434
  255   O   Ox1  255  1.3226 -2.7678  1.3150 -0.1210  0.4677  2.0419
  255   O   Ox2  255  1.3408 -2.6485  1.3099  3.2202  0.0087  2.7183
  256   O   Ox1  256  4.1730  0.2806  0.7052 -3.6858  2.9923  1.0851
  256   O   Ox2  256  4.2790  0.3382  0.6995 -1.2103 -1.4160  1.6367
  257   O   Ox1  257  0.4802  1.0669  4.7634  0.3720  0.2188 -0.4209
  257   O   Ox2  257  0.5599  1.1564  4.7791 -0.1817  0.3475  1.7273
  258   O   Ox1  258  0.8034  1.3239  1.1224  1.4787  1.5086 -0.4116
  258   O   Ox2  258  0.8561  1.3593  1.0196 -0.7169 -1.6101 -2.6499
  259   O   Ox1  259  2.8808  2.3859  4.1035  5.5431 -0.1453 -0.2393
  259   O   Ox2  259  2.9445  2.4709  4.0460 -0.5590  4.3436 -0.5602
  260   O   Ox1  260  1.1974  0.5172  5.2401  0.2716  0.7975 -0.0660
  260   O   Ox2  260  1.0968  0.5436  5.1786 -0.0524  0.2957  0.2475
  261   O   Ox1  261  1.5921  2.5267  0.9047  0.1713  1.1192  2.3021
  261   O   Ox2  261  1.6580  2.4755  0.8173 -0.9190  0.3545  1.9235
  262   O   Ox1  262  1.1777  1.9851  2.2328 -1.3257 -3.7593 -0.7194
  262   O   Ox2  262  1.1437  1.8851  2.2914  0.0911 -3.1546  1.1546
  263   O   Ox1  263  0.1159  0.9966  1.4222 -1.0655 -1.9793 -0.3221
  263   O   Ox2  263  0.1583  0.9297  1.3310  1.3741 -1.6200  0.5332
  264   O   Ox1  264  1.9546  1.7561 -1.1837  1.6391 -0.4177 -1.2865
  264   O   Ox2  264  1.9052  1.6459 -1.1849 -1.5821  1.0128 -2.2071
  265   O   Ox1  265 -1.0402  1.6611  2.1592  1.3094  1.8719 -1.4100
  265   O   Ox2  265 -1.0210  1.7794  2.1745  4.5175  1.1977 -0.0440
  266   O   Ox1  266  1.2955 -0.6758  0.0451 -2.1483  0.5505 -0.4161
  266   O   Ox2  266  1.2767 -0.7892  0.0081  0.3364  0.3821 -1.1958
  267   O   Ox1  267  1.1011  2.3215  0.9227  0.7986 -2.0214  1.2465
  267   O   Ox2  267  0.9932  2.2819  0.9598 -0.4812 -0.4657 -0.7654
  268   O   Ox1  268  2.1091  6.2226 -3.1737 -3.1738  0.2989  0.8622
  268   O   Ox2  268  2.1870  6.3068 -3.1359  0.0374 -1.5643 -1.5038
  269   O   Ox1  269  3.1498  0.4139 -0.2808  3.6300 -0.1334  1.0696
  269   O   Ox2  269  3.1459  0.3113 -0.2171  3.2301 -1.1498 -0.5809
  270   O   Ox1  270  0.9764  0.8772  1.4796 -1.4878  0.6194  0.1970
  270   O   Ox2  270  0.9847  0.9269  1.5894  0.5649 -1.1362  0.8488
  271   O   Ox1  271 -5.0002 -1.9462  2.2895 -1.6162  0.3060  2.1387
  271   O   Ox2  271 -5.0296 -1.9287  2.1736  2.6116 -1.4863  0.7540
  272   O   Ox1  272  0.9779  4.4619  1.0297  0.2766  1.4454 -1.2587
  272   O   Ox2  272  0.9224  4.4982  1.1307  4.4663  0.8889  1.2937
  273   O   Ox1  273  2.6359 -0.3005  4.3878 -1.3411  1.8399 -1.4318
  273   O   Ox2  273  2.6191 -0.4073  4.4416  0.7651  1.9734 -0.4925
  274   O   Ox1  274  0.7667  2.0449  1.6956 -1.2525  0.6582 -0.2125
  274   O   Ox2  274  0.7625  1.9354  1.6447  0.8964  1.2440 -1.6798
  275   O   Ox1  275 -1.7891 -2.7283  4.3483 -0.6324 -0.1706 -1.1958
  275   O   Ox2  275 -1.7766 -2.6401  4.2667 -0.7147 -0.5038 -1.5694
  276   O   Ox1  276 -1.2194 -1.0339  0.0182  1.8271 -1.4315 -1.4751
  276   O   Ox2  276 -1.2427 -0.9342 -0.0458 -0.0911 -0.0168  1.3882
  277   O   Ox1  277  0.5211  0.1464  3.0669  1.5505  0.6635 -0.3426
  277   O   Ox2  277  0.6371  0.1782  3.0784  2.2176 -1.0977 -2.0911
  278   O   Ox1  278  2.5110  1.5745 -0.4724  0.3865  2.6557 -0.9970
  278   O   Ox2  278  2.5007  1.4811 -0.5483  1.7812  0.8112  1.0577
  279   O   Ox1  279  0.8595  3.6849  5.2387  1.9023  0.6082 -4.7156
  279   O   Ox2  279  0.9200  3.5983  5.2974 -0.8479  0.1561 -2.5008
  280   O   Ox1  280 -1.3096  3.8874  2.8120  2.9720 -0.5785  1.4400
  280   O   Ox2  280 -1.2523  3.9385  2.9053 -0.3193  0.2858  3.0204
  281   O   Ox1  281  0.9188  3.6938  0.3104  1.2274  2.0482  2.1144
  281   O   Ox2  281  0.8945  3.8115  0.3231 -0.7084  1.9904 -0.8552
  282   O   Ox1  282 -0.2601  1.2144 -0.3053 -4.5477  2.7295  0.6580
  282   O   Ox2  282 -0.1666  1.2552 -0.3700 -3.5224 -0.8030 -0.1337
  283   O   Ox1  283  0.5761  3.1858  1.9569  4.7598 -1.9903  0.9405
  283   O   Ox2  283  0.6566  3.2615  2.0058  0.7756  0.6547  3.5269
  284   O   Ox1  284  4.7072  4.2930 -3.1862  1.1583  0.1180 -1.8929
  284   O   Ox2  284  4.7901  4.2071 -3.1673  1.9431  1.8189  2.6583
  285   O   Ox1  285 -1.4325  4.7230  1.5836  3.6633 -4.2459  0.2847
  285   O   Ox2  285 -1.4121  4.7425  1.4661 -4.7849  3.5572 -0.1144
  286   O   Ox1  286  0.6852  2.2579 -1.7327 -0.8200 -1.1950 -4.2895
  286   O   Ox2  286  0.6856  2.3512 -1.8094 -0.7192  3.4332  1.2073
  287   O   Ox1  287  3.6873  0.2099 -0.7195 -2.0819  3.3853  0.8570
  287   O   Ox2  287  3.6886  0.3020 -0.6414  2.6233  3.1669  1.0930
  288   O   Ox1  288  0.4426  1.0861 -0.3348 -0.5316  0.4463  1.7134
  288   O   Ox2  288  0.4061  1.1003 -0.4490  0.6633 -0.6222  1.1939
  289   O   Ox1  289  1.1234  4.1830 -1.0210 -1.2718 -0.1840  1.2065
  289   O   Ox2  289  1.0093  4.1464 -1.0055 -1.1435 -1.1080  0.0003
  290   O   Ox1  290 -1.5516  4.2611  4.0146  0.1768 -0.5524  1.5430
  290   O   Ox2  290 -1.6652  4.2235  3.9981  1.4492 -3.2011 -1.4036
  291   O   Ox1  291  4.0096  2.2079  1.2388 -0.6243 -0.9639  0.7162
  291   O   Ox2  291  4.1131  2.2199  1.3001  0.1796  0.3461 -0.8817
  292   O   Ox1  292  1.1968  0.2427  2.2071  0.2473 -1.3847 -3.6290
  292   O   Ox2  292  1.1577  0.2136  2.3177 -0.9726 -4.5869 -4.8798
  293   O   Ox1  293  2.9239  1.1862 -0.9219  0.3844 -2.7955 -2.9460
  293   O   Ox2  293  2.9093  1.0761 -0.8743 -1.2812 -0.4687  2.0690
  294   O   Ox1  294  1.3461 -0.2828  3.5349  2.6144  1.3137 -1.6450
  294   O   Ox2  294  1.2434 -0.2344  3.5762  0.7725  0.1291 -4.7601
  295   O   Ox1  295  4.2787  0.3517  2.3313  0.8823  0.9990 -1.3795
  295   O   Ox2  295  4.3989  0.3397  2.3340  0.7321 -0.1517  0.5091
  296   O   Ox1  296 -1.5197  2.7915  0.5087 -0.2670  1.2600  0.3189
  296   O   Ox2  296 -1.5435  2.6994  0.4342  0.1827 -0.4438  2.2630
  297   O   Ox1  297  1.0038  5.3363  0.5480  0.1828 -0.0619  0.8190
  297   O   Ox2  297  0.9003  5.3562  0.4889 -0.0767 -2.9447  0.2718
  298   O   Ox1  298  2.9419  0.5699  2.2470 -0.8754 -0.4258 -0.6604
  298   O   Ox2  298  2.9194  0.5402  2.3619  1.6943 -1.8628 -0.5140
  299   O   Ox1  299  0.2683  2.4902  0.9397  0.9521 -0.0836 -0.1411
  299   O   Ox2  299  0.3708  2.4999  1.0030  2.5041  3.5630 -3.1406
  300   O   Ox1  300  2.4488  3.4975  5.4752 -0.3049  1.3870 -1.2894
  300   O   Ox2  300  2.5184  3.5962  5.4719  2.6069 -0.6342 -1.1203
  301   O   Ox1  301 -1.5409  1.8867 -1.6375  0.1344  1.2835  0.7158
  301   O   Ox2  301 -1.5882  1.7769 -1.6198  0.1900  1.2270  0.5152
  302   O   Ox1  302  5.8074  3.1100  0.1609 -2.1278 -1.0879  0.2332
  302   O   Ox2  302  5.8164  3.1194  0.2810 -3.5013  1.3430  0.1603
  303   O   Ox1  303 -0.0033  0.6201 -1.7461 -0.0451  1.4227 -2.7831
  303   O   Ox2  303 -0.0413  0.5174 -1.7971 -0.1481  0.3292 -0.5280
  304   O   Ox1  304  1.9597  2.0572  1.0556  1.0030  0.2993  1.3577
  304   O   Ox2  304  2.0187  2.1120  1.1457 -2.0667  5.2353  0.4429
  305   O   Ox1  305  3.5645 -1.2879  4.8501 -0.7955 -1.4332 -2.0998
  305   O   Ox2  305  3.6467 -1.3711  4.8194  0.9235 -0.4669 -0.1631
  306   O   Ox1  306  2.6466  0.8688 -1.5446  2.3844 -3.7129  3.7950
  306   O   Ox2  306  2.5772  0.7905 -1.6051  1.0420 -2.6095  3.8971
  307   O   Ox1  307  2.8481  0.1420 -1.1066 -3.3913  0.3024  2.4024
  307   O   Ox2  307  2.8434  0.1782 -0.9914  0.4514  0.8358  2.4195
  308   O   Ox1  308 -0.9412  0.8558  1.9394  4.3464  0.9945 -1.3739
  308   O   Ox2  308 -0.9502  0.7364  1.9233  0.8654  0.9353  0.7920
  309   O   Ox1  309  1.2526  0.3123  2.6853  0.9514 -1.2278 -1.4975
  309   O   Ox2  309  1.2074  0.2064  2.6487  1.6863 -1.8377 -0.6482
  310   O   Ox1  310  3.7388 -2.4416  0.2283  3.3508  1.7400  0.6170
  310   O   Ox2  310  3.8073 -2.3653  0.1644  1.0456  3.3972  0.1001
  311   O   Ox1  311  1.2589  0.3421  1.5615 -0.2518 -2.1867 -0.4177
  311   O   Ox2  311  1.2398  0.2991  1.6727 -2.3891 -1.9504 -0.6853
  312   O   Ox1  312 -0.7713 -2.3123 -4.2517  1.4107 -1.7473 -1.2284
  312   O   Ox2  312 -0.6522 -2.2926 -4.2552  1.8236 -3.2086  3.3323
  313   O   Ox1  313  3.3282  0.8555  3.0639 -2.1441  0.6047  1.6402
  313   O   Ox2  313  3.3887  0.9081  3.1542 -0.6138  1.2254  0.2646
  314   O   Ox1  314  0.3376 -0.5240  1.9161  2.9371  1.8066 -1.7045
  314   O   Ox2  314  0.3207 -0.4124  1.8733 -0.0386  1.5392 -1.2741
  315   O   Ox1  315  3.2080 -1.9802  4.3162 -0.9495  0.2337  2.0924
  315   O   Ox2  315  3.1802 -2.0778  4.2507 -4.0603  2.9928 -0.7789
  316   O   Ox1  316  4.0745  1.0582 -0.9520 -0.3866 -2.8501 -3.5477
  316   O   Ox2  316  3.9870  1.0913 -1.0284 -1.3484  3.4877  0.1581
  317   O   Ox1  317  3.7688 -0.2557 -0.7463 -1.8279  0.3281 -1.5728
  317   O   Ox2  317  3.6771 -0.1933 -0.6984 -1.3112  0.3215 -0.5700
  318   O   Ox1  318  3.1453 -0.3199  2.3202 -1.1131 -0.2162 -0.2344
  318   O   Ox2  318  3.0864 -0.3008  2.2164  0.2718  1.7272 -0.6747
  319   O   Ox1  319  5.7997  0.8666  1.7200  1.0289 -0.7300 -1.1586
  319   O   Ox2  319  5.7543  0.7621  1.6798 -0.2737  0.1751 -2.0564
  320   O   Ox1  320  3.4406 -0.1109  1.1791 -2.1487 -0.7382  1.0921
  320   O   Ox2  320  3.4216 -0.1390  1.0631  2.5489 -2.5186  0.7090
  321   O   Ox1  321  2.0832  1.1666 -4.1839 -0.2192  2.0680  3.5425
  321   O   Ox2  321  1.9950  1.1295 -4.1102  0.9595 -4.6996  1.6852
  322   O   Ox1  322  2.8791  1.3606  3.3372 -2.4969  1.5147 -1.0364
  322   O   Ox2  322  2.8478  1.2461  3.3595 -2.0978  1.4351 -0.8820
  323   O   Ox1  323  1.8801  2.3850 -1.7348  2.0126 -1.7835  1.3526
  323   O   Ox2  323  1.9516  2.4371 -1.8171 -0.9053  0.0170 -0.0780
  324   O   Ox1  324  0.3886  1.7500 -0.2935  1.2871  0.7846  1.0160
  324   O   Ox2  324  0.2889  1.7275 -0.2291  1.4316  0.5749  1.1667
  325   O   Ox1  325  5.3844  1.2665  1.4494 -1.6328  0.9851  2.0498
  325   O   Ox2  325  5.4375  1.1760  1.3895 -2.4269  2.1800 -0.4894
  326   O   Ox1  326  0.2825 -3.1580 -2.1565 -5.9151  0.4983  0.4145
  326   O   Ox2  326  0.2533 -3.2561 -2.2206  1.4597 -1.9740  0.6533
  327   O   Ox1  327  2.0090  0.5998  0.6858  1.5926  1.3384 -0.0185
  327   O   Ox2  327  1.9932  0.7044  0.7440 -3.1850  0.3636  0.5222
  328   O   Ox1  328  0.9503  0.5991  0.6002 -0.3271  1.0854  0.0572
  328   O   Ox2  328  0.8808  0.6520  0.5167 -0.1036  2.2316  0.5950
  329   O   Ox1  329 -1.3615 -1.0791  2.1400 -2.0241 -1.8540  1.0766
  329   O   Ox2  329 -1.4427 -1.0119  2.0809 -1.4715  2.2312  4.8646
  330   O   Ox1  330  0.4337  0.6585  2.8108  0.3486  1.0799 -3.0365
  330   O   Ox2  330  0.4421  0.5509  2.8650 -4.2153  2.7470  1.1391
  331   O   Ox1  331 -1.3852 -0.5567  0.8410  1.8102  1.3735  2.6582
  331   O   Ox2  331 -1.4075 -0.5647  0.9594 -1.5559 -2.7511  1.7965
  332   O   Ox1  332  0.9075  1.4042  0.2161  1.3073 -0.3468  1.4474
  332   O   Ox2  332  0.9765  1.3267  0.1542 -0.5313 -1.4308  0.7381
  333   O   Ox1  333  3.1152  4.7943  4.8446 -0.5346  1.5814 -1.9244
  333   O   Ox2  333  3.0528  4.7338  4.7608 -2.5227 -2.3405  2.2976
  334   O   Ox1  334 -0.2854  0.6684  0.4575  0.6792 -3.1392 -1.7774
  334   O   Ox2  334 -0.1862  0.7343  0.4774 -2.9128  1.2017  2.2255
  335   O   Ox1  335  0.9303  0.9328  1.8909  1.3964 -0.4411  4.2464
  335   O   Ox2  335  0.8407  0.9559  1.9685  1.1769  3.7439  2.7986
  336   O   Ox1  336  2.4349  0.4548 -1.5880 -2.3478  1.3630 -0.7714
  336   O   Ox2  336  2.5213  0.3731 -1.6089 -1.8629  1.8723 -0.7606
  337   O   Ox1  337  5.7102 -1.1399  4.5749  2.7457 -0.6009 -0.7364
  337   O   Ox2  337  5.6989 -1.0254  4.5379 -0.2400 -0.8941 -0.7775
  338   O   Ox1  338  8.5296 -1.0261  3.1489 -1.8559 -0.9593 -2.0382
  338   O   Ox2  338  8.5173 -1.1244  3.0798  1.1388 -2.0757 -1.0148
  339   O   Ox1  339  5.9965  3.1558  3.4046  0.1900  1.2706  1.8733
  339   O   Ox2  339  5.8969  3.2242  3.4083 -0.7171 -0.1176  3.3930
  340   O   Ox1  340  1.1709  0.9989  3.3516 -0.4245  1.8014 -1.1396
  340   O   Ox2  340  1.0899  0.9094  3.3472  0.1964  1.2183 -0.7559
  341   O   Ox1  341  3.1802 -0.5938  1.2065  0.6681  0.7269  1.0457
  341   O   Ox2  341  3.1399 -0.6264  1.0974  1.5131  2.8187  0.0984
  342   O   Ox1  342  2.6584  0.2314 -1.8947  1.0401 -1.2617 -0.6318
  342   O   Ox2  342  2.6936  0.1160 -1.9012 -0.3538 -1.5530 -3.3162
  343   O   Ox1  343  2.7575  0.6421 -1.3350  1.2300  1.2478 -0.5981
  343   O   Ox2  343  2.8379  0.6113 -1.4198  1.1314 -0.5749 -0.0396
  344   O   Ox1  344 -0.5162  0.3190  2.3655  0.2624 -1.8774 -0.2504
  344   O   Ox2  344 -0.4285  0.2976  2.2852 -1.7668 -0.9232 -2.7484
  345   O   Ox1  345  1.9882  1.5903  2.7448 -1.1998 -1.6192  2.3584
  345   O   Ox2  345  1.8684  1.5824  2.7315 -1.3482  0.4640  2.4015
  346   O   Ox1  346  5.0963  1.5384 -0.2206 -1.1859 -1.1109  0.9800
  346   O   Ox2  346  5.1442  1.4279 -0.2108 -0.7583 -0.8654  1.6656
  347   O   Ox1  347  4.7808 -1.5017  0.5259 -1.0098 -2.3952  4.2710
  347   O   Ox2  347  4.7281 -1.6044  0.4902 -0.6977  0.2287 -4.1707
  348   O   Ox1  348  3.0171 -1.8236 -2.4007 -1.2660 -0.9468 -0.8066
  348   O   Ox2  348  3.0697 -1.7351 -2.4640 -1.2416  1.0957  2.0266
  349   O   Ox1  349  2.8164  3.7915  1.0061 -0.1867 -1.6799 -0.3981
  349   O   Ox2  349  2.9110  3.7172  1.0184  0.7661 -0.3792  0.1772
  350   O   Ox1  350 -0.2749  0.3348  3.4021 -0.2097  0.2117 -1.8471
  350   O   Ox2  350 -0.3331  0.2361  3.4402  2.6653 -1.5996 -2.0920
  351   O   Ox1  351  2.3244  0.3218 -3.6403  1.1171  0.2019  0.3762
  351   O   Ox2  351  2.4387  0.3060 -3.6760  1.0789  1.2053 -0.1969
  352   O   Ox1  352  4.0638  4.8522 -0.9476  0.0448  1.6711 -0.2091
  352   O   Ox2  352  3.9620  4.8215 -1.0049  0.9075  0.4923 -1.1212
  353   O   Ox1  353  4.3447  4.5332  4.0341  0.1010 -1.0061  3.0246
  353   O   Ox2  353  4.3247  4.4403  3.9596 -0.2436  1.9061 -0.5708
  354   O   Ox1  354  2.1391  3.9531  0.7359 -3.1300  1.9527 -0.8708
  354   O   Ox2  354  2.0778  3.8490  0.7379 -0.1465  0.2142  1.8042
  355   O   Ox1  355  1.0454  1.6555  4.8487 -1.0711  0.5042  3.2297
  355   O   Ox2  355  1.1383  1.5841  4.8778 -0.7298  0.6750  2.5625
  356   O   Ox1  356  0.6298  4.4677  4.3036 -0.4080 -0.0746  0.8300
  356   O   Ox2  356  0.5696  4.5706  4.2842 -1.0216 -0.9805 -2.1909
  357   O   Ox1  357  2.0719  2.9613  0.6086  0.9102 -1.8229  3.6525
  357   O   Ox2  357  2.0796  3.0615  0.6756 -0.0029  1.3321 -0.8718
  358   O   Ox1  358  0.4079  2.0319  1.6918 -1.5060  0.9701  2.7202
  358   O   Ox2  358  0.3587  1.9450  1.6237  2.3169  0.6330  0.3281
  359   O   Ox1  359  3.6184  2.0206  3.7136  1.3493 -2.5089  3.5213
  359   O   Ox2  359  3.6202  1.8999  3.7086 -4.3234 -2.5118 -0.1377
  360   O   Ox1  360  2.2787  1.7649  1.6713  1.6805 -1.1248  2.8860
  360   O   Ox2  360  2.2351  1.8578  1.7350 -2.3458 -0.9873  0.0012
  361   O   Ox1  361  1.7330  4.1115  2.6605 -1.0541 -1.2375  0.5435
  361   O   Ox2  361  1.7390  4.0183  2.5838 -1.0917 -1.0460  0.3077
  362   O   Ox1  362 -1.4166 -0.1514 -2.7087  0.6902 -0.0007 -2.1925
  362   O   Ox2  362 -1.2966 -0.1645 -2.7132  0.8939  0.4913  1.2531
  363   O   Ox1  363  5.4966  3.1359  0.2947  0.9987 -3.4425  2.8393
  363   O   Ox2  363  5.5296  3.2324  0.3594  0.6202 -0.6168 -1.1049
  364   O   Ox1  364  3.2385  2.2153 -1.9932 -0.3888  2.4818 -1.1406
  364   O   Ox2  364  3.3235  2.1320 -2.0142 -1.9058  1.1905 -2.2061
  365   O   Ox1  365  2.6472  3.8653  2.8691 -0.9844 -0.7941 -0.6071
  365   O   Ox2  365  2.6632  3.8603  2.7495  0.0263 -1.8291 -0.4321
  366   O   Ox1  366 -1.5732  1.5257 -1.2887  1.2491 -0.4663  1.0064
  366   O   Ox2  366 -1.5533  1.6383 -1.3276  1.9141 -0.8122  0.3415
  367   O   Ox1  367 -1.0231  0.2818 -1.9976  1.0827  2.0388 -2.8256
  367   O   Ox2  367 -1.0755  0.3304 -1.9003  2.6018  4.0712 -3.0096
  368   O   Ox1  368  1.4442  4.0542 -0.3038 -0.9094  2.3600 -1.1029
  368   O   Ox2  368  1.3453  4.0333 -0.2377 -1.0549  1.7689 -1.5060
  369   O   Ox1  369 -0.1149  5.0105  0.6254 -0.4747  0.1989  0.7802
  369   O   Ox2  369 -0.0536  5.0938  0.5630 -0.2141  0.6786  1.6742
  370   O   Ox1  370  3.4036  3.7122 -0.1551 -0.1161 -3.7699 -0.7602
  370   O   Ox2  370  3.3326  3.7242 -0.0581  1.5355 -2.5365  0.3056
  371   O   Ox1  371  0.9343  2.3811  1.2633  2.1092  1.4819  2.3210
  371   O   Ox2  371  0.8323  2.4448  1.2523  2.3183  1.6705  1.4557
  372   O   Ox1  372 -0.3686 -1.0573  4.1634  1.3545 -0.1602 -1.1826
  372   O   Ox2  372 -0.2699 -0.9930  4.1901  1.7962  0.5258 -4.3915
  373   O   Ox1  373 -0.4357  4.9523  1.5639 -0.6143 -3.3127 -2.5479
  373   O   Ox2  373 -0.4435  5.0710  1.5431  0.1568 -2.7978  0.0293
  374   O   Ox1  374 -0.7028  0.7226  2.7524  4.6551 -0.9201 -1.8857
  374   O   Ox2  374 -0.6734  0.6634  2.8534  1.2736  0.8161  0.1527
  375   O   Ox1  375  1.8042  3.1706  3.3188 -0.6662  1.3115  1.0770
  375   O   Ox2  375  1.8106  3.2158  3.2069  0.6511  1.6434  1.2829
  376   O   Ox1  376  2.8691  0.9217  0.6661  1.0730 -1.5082  0.0455
  376   O   Ox2  376  2.9598  0.9876  0.7112  1.0894 -1.6160  0.1703
  377   O   Ox1  377  1.5690  0.9094  3.9819 -0.1816 -0.7399  4.1377
  377   O   Ox2  377  1.5489  0.8651  4.0925 -4.1940  1.4742  4.3326
  378   O   Ox1  378  0.7912 -2.2534  3.6473 -2.0433  0.5990 -2.1639
  378   O   Ox2  378  0.7404 -2.1690  3.7172  2.0627  1.6593 -0.3985
  379   O   Ox1  379  2.3728  0.7121  4.9750 -1.0575  0.4395  3.7729
  379   O   Ox2  379  2.4112  0.6076  4.9283  1.8784  3.7796 -1.4924
  380   O   Ox1  380  2.5925  3.6293  3.6663 -1.7722 -0.6354  1.3457
  380   O   Ox2  380  2.5384  3.5255  3.6363  0.6741 -1.2039 -1.1750
  381   O   Ox1  381 -1.6629  0.8363 -3.4235 -0.2540  0.6153  2.2579
  381   O   Ox2  381 -1.6438  0.8171 -3.5412 -1.9121 -1.8413  2.3755
  382   O   Ox1  382  3.6883  0.2391 -1.0489  0.3470  0.6771 -0.6022
  382   O   Ox2  382  3.6593  0.3471 -1.0945 -0.5389  1.2980  1.4105
  383   O   Ox1  383  2.2929  1.3630  1.5768 -0.5153 -3.1655  1.0164
  383   O   Ox2  383  2.1901  1.3994  1.6288 -0.4056 -1.0741 -0.2069
  384   O   Ox1  384  3.0110  0.6208 -2.5350  0.4021  0.9758 -0.0382
  384   O   Ox2  384  3.1009  0.6447 -2.4579  2.0972  0.2830 -1.7832
  385   O   Ox1  385  1.3381 -0.2673  1.4714  0.2976  1.5393 -0.7130
  385   O   Ox2  385  1.2237 -0.3061  1.4732  1.2615 -1.2758  1.5327
  386   O   Ox1  386  2.4770  3.7554  1.9357 -2.1096  1.7411  2.5376
  386   O   Ox2  386  2.3978  3.8224  1.9976 -0.6175  4.7650  1.2117
  387   O   Ox1  387  3.4617  3.2737  1.2312  1.6081 -1.0408  0.6767
  387   O   Ox2  387  3.5326  3.2349  1.1415  2.6581 -2.3503  2.0627
  388   O   Ox1  388  0.9249 -1.0917 -2.7426 -1.6105 -0.3299 -0.6005
  388   O   Ox2  388  0.9021 -1.1910 -2.8075  1.1748 -0.5002 -1.3458
  389   O   Ox1  389 -1.2142  2.8839  1.0532  1.0637  1.1190  1.5678
  389   O   Ox2  389 -1.2120  2.7689  1.0901 -1.7424 -0.1944 -2.2321
  390   O   Ox1  390  3.6332  1.8902 -0.8461  0.0269 -1.8121  0.2763
  390   O   Ox2  390  3.7267  1.9443 -0.7922 -0.6518 -0.9710  0.6131
  391   O   Ox1  391  0.8806  1.6616  1.7816  1.2477 -2.4906 -3.0599
  391   O   Ox2  391  0.9894  1.6554  1.7295  4.1527 -0.3045  2.5826
  392   O   Ox1  392  1.5760  2.0557  1.1980  2.1488  0.5669  2.0694
  392   O   Ox2  392  1.6806  2.1074  1.1668  2.6100 -0.5239  1.7981
  393   O   Ox1  393  1.3728  1.0232 -0.5692  2.2007 -0.1912 -1.9620
  393   O   Ox2  393  1.4057  1.1235 -0.6279  0.4889 -0.0874 -2.7547
  394   O   Ox1  394  2.3447 -0.1797  1.5456  0.6323  2.5872  1.0749
  394   O   Ox2  394  2.2444 -0.1772  1.4784 -0.0544 -0.1416  1.9721
  395   O   Ox1  395  2.0851  3.8620 -0.8987 -3.9660  1.3285  0.1391
  395   O   Ox2  395  2.0361  3.9220 -0.9913 -0.1887  1.8392 -1.5681
  396   O   Ox1  396  3.5506 -0.9388 -0.4732 -1.0227  2.3310 -2.1233
  396   O   Ox2  396  3.6354 -0.9949 -0.5385 -2.0129 -0.9114 -0.6632
  397   O   Ox1  397 -1.7221  2.1859  4.3633  0.4827  0.2616 -3.5406
  397   O   Ox2  397 -1.8317  2.2309  4.3398 -0.1658  0.6646  0.1312
  398   O   Ox1  398  1.6152  2.5695  3.2086  0.1076 -0.8120  0.4912
  398   O   Ox2  398  1.5704  2.5784  3.3204 -0.9075  0.7539 -0.0343
  399   O   Ox1  399  3.5745  1.1547  1.4059 -0.9985 -3.4278  1.0385
  399   O   Ox2  399  3.4785  1.2280  1.4064  1.8756  0.4098  0.0944
  400   O   Ox1  400  0.4018  0.9909  0.9152 -3.1125 -2.8040 -2.1119
  400   O   Ox2  400  0.4793  0.9217  0.8536 -0.0225  0.4905 -1.9908
  401   O   Ox1  401  4.4018  2.4006  1.1613  0.2415  2.4315  0.7769
  401   O   Ox2  401  4.3551  2.4713  1.2474  0.5110 -0.6039  3.4556
  402   O   Ox1  402  5.7790 -0.2789  1.6036 -0.3447  3.2295 -0.6719
  402   O   Ox2  402  5.7293 -0.2087  1.6885  0.7493  0.0282  2.6717
  403   O   Ox1  403  2.7858  3.3923  0.6760  0.3480  2.1081 -0.9214
  403   O   Ox2  403  2.7930  3.2724  0.6884  4.7465  2.5335  1.0242
  404   O   Ox1  404  2.1220 -1.2294  1.3456  2.1278 -4.5808  0.6511
  404   O   Ox2  404  2.0201 -1.2908  1.3667 -2.5247  1.7602 -2.6768
  405   O   Ox1  405  3.7734 -0.2392  0.1420 -0.4345  1.6821 -1.2206
  405   O   Ox2  405  3.8712 -0.1814  0.1831 -0.3425  0.4042  0.3768
  406   O   Ox1  406  0.5881 -0.6809 -1.3830  1.0603  2.1758  2.1576
  406   O   Ox2  406  0.6715 -0.5950 -1.3982  1.7140  1.2078  0.2155
  407   O   Ox1  407  3.9501 -2.0870  0.0232  4.3760 -0.4039 -3.9626
  407   O   Ox2  407  3.9746 -2.1583 -0.0712 -0.8904 -3.6359 -2.9692
  408   O   Ox1  408  3.5950  0.9369  0.6168  2.3056  0.1706  0.7671
  408   O   Ox2  408  3.5761  0.9029  0.7312 -0.5051 -1.0793 -0.0508
  409   O   Ox1  409  3.4822 -1.7591  1.6711 -2.2780 -0.0304  2.8771
  409   O   Ox2  409  3.4780 -1.8689  1.6210  1.5812  1.3608 -0.6153
  410   O   Ox1  410  2.5034 -0.7162  0.9671  2.3820 -0.8422 -2.3515
  410   O   Ox2  410  2.5547 -0.6100  0.9412  0.8958  0.3528 -0.4559
  411   O   Ox1  411  3.8023 -2.7649  0.4167  2.5660 -0.9551 -1.6636
  411   O   Ox2  411  3.7288 -2.7591  0.3210  1.1708  0.5320 -0.5128
  412   O   Ox1  412  3.8852  2.3448  2.7230  0.1786  0.0018  4.8512
  412   O   Ox2  412  3.9827  2.3986  2.7697  1.8706  0.3234  1.0242
  413   O   Ox1  413 -2.1363 -0.4396  5.6961 -1.2313 -0.0551  1.6473
  413   O   Ox2  413 -2.2158 -0.5298  5.7072 -0.2578 -1.0942  0.2394
  414   O   Ox1  414  1.1330 -2.3748  1.9135  0.3841 -0.1444  0.6795
  414   O   Ox2  414  1.0892 -2.2912  1.9889  1.6133  1.6058 -0.5310
  415   O   Ox1  415  2.6255  3.9627  3.5749  1.4169 -0.1503 -0.9764
  415   O   Ox2  415  2.5436  3.9121  3.5020  1.7262 -0.4078 -1.1456
  416   O   Ox1  416  3.5155  4.0300  2.2638  1.0558 -1.3020  2.2134
  416   O   Ox2  416  3.6005  3.9568  2.3086  1.5709 -0.6364  2.3271
  417   O   Ox1  417  2.7979  3.1212  4.9012  2.9329 -0.4624  5.4277
  417   O   Ox2  417  2.7302  3.2211  4.8966 -1.4626 -3.5396  1.1894
  418   O   Ox1  418  1.2824 -1.4348  0.2696 -1.2928 -2.2550 -0.1077
  418   O   Ox2  418  1.3612 -1.5093  0.3229  2.3585 -0.2363 -2.5995
  419   O   Ox1  419  2.3436  1.2723  4.0483  1.7575 -1.8787 -2.6909
  419   O   Ox2  419  2.3559  1.3860  4.0093  2.6163 -2.7053 -4.8629
  420   O   Ox1  420  1.5747  1.5990  3.5523  4.0166  1.1041  1.4950
  420   O   Ox2  420  1.6066  1.5133  3.6313 -2.8950 -1.6199  1.4652
  421   O   Ox1  421  4.3952  0.2649 -1.2193  1.0034 -2.5438 -1.3900
  421   O   Ox2  421  4.5056  0.3114 -1.2039  0.5145 -1.1358 -2.1021
  422   O   Ox1  422  1.8178  0.6140 -0.5075  2.1774  2.6053 -1.6133
  422   O   Ox2  422  1.7175  0.6753 -0.4800 -0.0761 -1.7478  0.0507
  423   O   Ox1  423 -0.4058 -1.8856  0.1855  0.6657 -1.0228  0.3538
  423   O   Ox2  423 -0.4185 -1.9348  0.2951  2.5070  0.8729  1.4328
  424   O   Ox1  424  1.8330  0.4878 -2.9561 -2.5686  2.0676 -0.7612
  424   O   Ox2  424  1.8250  0.5952 -3.0109 -3.1547  3.2546  1.6232
  425   O   Ox1  425 -0.3669  0.9771  2.2910  0.0614  0.0091 -1.1440
  425   O   Ox2  425 -0.4067  0.9323  2.3960 -1.0830  1.4255 -0.9677
  426   O   Ox1  426  0.5099 -1.6259  1.1251  2.5430 -0.4508  1.6280
  426   O   Ox2  426  0.4774 -1.7068  1.2087 -2.4378  1.1063  1.2620
  427   O   Ox1  427  4.2596  0.7694  0.1079  0.2052 -0.4944  1.9697
  427   O   Ox2  427  4.2547  0.7851 -0.0117 -1.7911 -1.9225  1.8547
  428   O   Ox1  428  1.8495 -1.0698  0.9190  0.3118  2.3840  2.5172
  428   O   Ox2  428  1.7766 -0.9740  0.9290 -1.4061  1.3414  0.1778
  429   O   Ox1  429  4.3257 -1.5259 -1.1326 -1.4313 -1.5336 -1.2102
  429   O   Ox2  429  4.2311 -1.4513 -1.1237  0.3111  0.3589  1.7637
  430   O   Ox1  430  0.3616  0.1984  1.7622  0.2501 -0.6894 -0.4283
  430   O   Ox2  430  0.4666  0.1971  1.7024  1.0288  0.2516  0.9083
  431   O   Ox1  431  0.3471  0.7533 -0.3803 -3.6192  1.1597 -1.2950
  431   O   Ox2  431  0.3060  0.8109 -0.2824  2.9536  0.8648  1.7441
  432   O   Ox1  432  3.2435 -1.0162  3.3157  1.1064  2.1624 -2.3441
  432   O   Ox2  432  3.3042 -0.9324  3.3780  1.2722 -2.3247  3.7172
  433   O   Ox1  433  3.4096  1.2248  3.1122  0.9634 -0.0240 -0.1726
  433   O   Ox2  433  3.4576  1.1717  3.0149 -1.7739  0.6965 -1.9373
  434   O   Ox1  434  3.8126 -2.5078  3.9883 -0.0221  1.2099  1.3238
  434   O   Ox2  434  3.9143 -2.4451  4.0062  0.4054  0.6912  0.7212
  435   O   Ox1  435  2.1566  1.5883 -1.7927  2.6471  4.3769 -0.6264
  435   O   Ox2  435  2.1017  1.5709 -1.8989  3.5588  0.0364 -0.4233
  436   O   Ox1  436  3.4255  2.9801 -0.3613  1.7688 -0.1544 -1.4943
  436   O   Ox2  436  3.4558  3.0686 -0.4377  1.2365  1.5938  0.3009
  437   O   Ox1  437  2.1767  1.5164  3.3847  0.5265 -2.6292  0.5635
  437   O   Ox2  437  2.2310  1.6045  3.3223  1.2463 -2.9159  0.7824
  438   O   Ox1  438  4.4364  2.2467  0.5360  2.4834 -0.4777 -0.7244
  438   O   Ox2  438  4.3166  2.2319  0.5394  2.3626  0.4330 -0.9560
  439   O   Ox1  439  2.4600 -0.7062  1.9653 -3.4774  0.9267  0.4862
  439   O   Ox2  439  2.5540 -0.6386  1.9310 -1.8432 -2.1845 -1.2589
  440   O   Ox1  440  3.5255 -0.1284  1.4597 -0.1980 -0.2194  1.0803
  440   O   Ox2  440  3.4798 -0.0396  1.5278 -0.6169  1.3467 -1.2218
  441   O   Ox1  441  1.9534  0.0865 -1.8110 -1.4093 -0.0474 -1.5117
  441   O   Ox2  441  1.9896 -0.0108 -1.8728  2.9807  0.0515  0.8262
  442   O   Ox1  442  4.0644  2.5237  4.6517  1.1977  1.0676  1.2819
  442   O   Ox2  442  4.0361  2.4226  4.5920  2.8499 -0.6936  3.4456
  443   O   Ox1  443  2.6169  1.7714  0.4746  1.2725  2.5847  0.6851
  443   O   Ox2  443  2.6853  1.6924  0.5351  1.2386  1.3385 -0.8897
  444   O   Ox1  444  1.9778  0.2086 -1.2637  2.3119  4.9930 -1.1705
  444   O   Ox2  444  1.9606  0.0934 -1.2956  2.1472  3.6846  3.4898
  445   O   Ox1  445  2.2625  3.7473  1.2688 -1.6708  0.0375 -1.9074
  445   O   Ox2  445  2.3545  3.7819  1.3391 -0.0632 -3.4427 -2.2542
  446   O   Ox1  446  1.7671  1.3624 -2.5400  0.9768  0.2269  0.1515
  446   O   Ox2  446  1.7962  1.3096 -2.6446 -2.6928  3.4884 -2.5748
  447   O   Ox1  447  1.4894  0.4400  2.9288 -1.2091 -2.5039  0.7500
  447   O   Ox2  447  1.3731  0.4723  2.9313 -0.3898  0.3759  2.6938
  448   O   Ox1  448  4.1957  0.9549 -4.8302 -0.7712  1.4055  1.6001
  448   O   Ox2  448  4.3020  0.9582 -4.7730  1.2194 -0.0868 -1.9476
  449   O   Ox1  449  2.5709 -0.8553  1.6885  0.0275 -3.2199  0.1738
  449   O   Ox2  449  2.5775 -0.9226  1.7886  0.3498  0.4185  2.6395
  450   O   Ox1  450  5.9579  4.3294  4.3567 -2.0680  0.3968 -1.8602
  450   O   Ox2  450  5.9055  4.4313  4.3186 -4.0449  0.4485  0.9331
  451   O   Ox1  451  1.7631  1.4762  4.0303  1.8594 -0.0990  0.3873
  451   O   Ox2  451  1.8101  1.4987  3.9213 -0.0144 -5.7880 -1.6704
  452   O   Ox1  452  2.6340  3.9177  0.3767 -2.9879 -0.8268 -1.6263
  452   O   Ox2  452  2.6849  3.8090  0.3628 -1.2664 -0.1396 -0.7578
  453   O   Ox1  453  6.9102 -1.2278  3.7337  0.9015 -0.4395  1.7511
  453   O   Ox2  453  6.8317 -1.1873  3.6513 -0.9741 -0.1845  3.6466
  454   O   Ox1  454  1.5536 -2.6100  2.6228  2.3002  0.1971  0.7074
  454   O   Ox2  454  1.5509 -2.6373  2.7404 -1.6079  2.1892  1.1140
  455   O   Ox1  455  1.0497 -1.6587  2.5142  1.6002 -1.5252 -0.8407
  455   O   Ox2  455  1.0989 -1.6756  2.4052  3.4061  1.4165 -0.5032
  456   O   Ox1  456 -1.2483  2.5251  1.7182 -2.1267 -0.2284  0.0530
  456   O   Ox2  456 -1.1407  2.5483  1.7678 -1.4918 -1.5668 -0.6856
  457   O   Ox1  457  3.2886  0.7631  1.8255  0.6324  1.7256 -1.0620
  457   O   Ox2  457  3.3953  0.7597  1.8821  0.3356  0.1000 -0.5874
  458   O   Ox1  458  2.5713  0.3981 -0.1135 -2.9266 -1.6292  1.1567
  458   O   Ox2  458  2.6704  0.4091 -0.0453  0.1681 -4.3629 -2.8024
  459   O   Ox1  459  3.2122  2.7625  0.8284 -0.7722  2.1195 -0.7859
  459   O   Ox2  459  3.3131  2.8193  0.7940  2.5737 -0.8998  3.8124
  460   O   Ox1  460  1.7294  0.0508  1.7861 -0.1593  0.4604  2.1095
  460   O   Ox2  460  1.8412  0.0614  1.8304 -1.2246 -0.5393  5.0840
  461   O   Ox1  461  3.5683  0.1484  1.3076 -0.2706 -0.0717  0.4137
  461   O   Ox2  461  3.5388  0.2311  1.3906 -0.9923  2.6884 -2.5515
  462   O   Ox1  462 -1.0295  0.9592  0.6478 -0.1861  1.3166 -0.4865
  462   O   Ox2  462 -1.0270  0.8575  0.5827 -0.5484  1.5239 -0.8252
  463   O   Ox1  463  8.9774  0.4799 -2.4607  1.3945  4.0014 -1.6319
  463   O   Ox2  463  9.0715  0.5506 -2.4877  2.7089  2.5394 -0.9093
  464   O   Ox1  464  5.1363  0.0865 -1.9071 -2.1214  1.9574 -3.8727
  464   O   Ox2  464  5.0702  0.1579 -1.8354 -3.1608 -2.6154 -0.1737
  465   O   Ox1  465  3.2449  1.2398  2.7981 -1.8450 -0.8752  1.3266
  465   O   Ox2  465  3.1701  1.2013  2.8848  1.9774  0.6896  5.3939
  466   O   Ox1  466  2.8155 -0.0783 -1.4409  0.9218 -0.3140  2.9984
  466   O   Ox2  466  2.7683 -0.0211 -1.3455  0.1520 -2.6725  4.0474
  467   O   Ox1  467  1.5845  3.7835  2.4722  0.7465 -1.1288 -0.1132
  467   O   Ox2  467  1.6033  3.6843  2.5384 -1.6884 -0.8525  1.0181
  468   O   Ox1  468  4.7343  0.8776  2.4814  0.5955 -0.8314 -0.3455
  468   O   Ox2  468  4.7529  0.9946  2.5048 -0.0784 -0.6164 -0.8772
  469   O   Ox1  469  1.0850 -0.8590  0.2878  1.5967 -1.3759 -2.2408
  469   O   Ox2  469  1.1699 -0.7795  0.3205 -2.2529  1.8874  0.0043
  470   O   Ox1  470  3.1945  4.1880 -0.6220 -1.8600 -2.1810 -2.2758
  470   O   Ox2  470  3.3000  4.2302 -0.6630 -2.7251  1.0388 -1.2514
  471   O   Ox1  471  4.3808  0.6227  3.2642 -1.8947 -0.1535 -1.4363
  471   O   Ox2  471  4.2899  0.5471  3.2395 -1.8894 -1.3752  2.1683
  472   O   Ox1  472  3.0150  1.6341  2.0728  0.0284  0.0842 -0.2789
  472   O   Ox2  472  2.9747  1.6110  2.1843  0.5769  2.8188  0.5001
  473   O   Ox1  473  4.0184  1.0993  2.9468 -2.6824 -2.0160  0.2528
  473   O   Ox2  473  4.0072  0.9848  2.9836 -0.7779 -1.8661  1.3274
  474   O   Ox1  474  2.7673  5.2512  1.9194  0.9313  0.5572  0.3771
  474   O   Ox2  474  2.8061  5.3338  1.9986 -0.0951  1.0538  0.3658
  475   O   Ox1  475  2.8989 -0.5749  2.1305  1.8568  0.1548 -1.4542
  475   O   Ox2  475  2.8289 -0.6673  2.0963  1.4354 -0.9172  2.2140
  476   O   Ox1  476  1.1787  0.1541  0.9928  1.6501  1.2839 -0.2391
  476   O   Ox2  476  1.2795  0.0985  0.9564 -0.1546  1.6701 -6.0379
  477   O   Ox1  477  3.4797  1.8447  2.6651  1.3660  0.8187  0.4435
  477   O   Ox2  477  3.4348  1.8868  2.7691  0.6094 -2.0647  1.3019
  478   O   Ox1  478  2.3556  5.2993  1.8403  0.0525  3.2053  0.4671
  478   O   Ox2  478  2.4676  5.3178  1.8817  0.4886  2.2816 -0.2904
  479   O   Ox1  479  4.6484  0.6254  2.9941  0.2369 -0.1161  1.4151
  479   O   Ox2  479  4.5434  0.6092  2.9366  1.5813 -1.2799 -0.7340
  480   O   Ox1  480  2.1878  0.7657  1.8983  3.0932  0.9751 -0.9341
  480   O   Ox2  480  2.2457  0.6745  1.8442  1.5716 -1.0723  0.8573
  481   O   Ox1  481  1.1777 -1.2401  3.2743  0.2033  1.1653  1.1694
  481   O   Ox2  481  1.0598 -1.2139  3.2780 -0.3659 -1.7104  4.5223
  482   O   Ox1  482  1.3601  4.1294 -0.8369 -1.6988 -1.5822  3.0573
  482   O   Ox2  482  1.3979  4.2308 -0.7832 -1.3434  1.1403 -2.2039
  483   O   Ox1  483  0.8271  3.4994 -0.6998 -0.9112  2.5457 -0.1971
  483   O   Ox2  483  0.8602  3.4598 -0.5906 -0.4424  2.2166 -0.4576
  484   O   Ox1  484  5.5749  4.2373  0.8192  1.7543  0.3143 -1.2210
  484   O   Ox2  484  5.5035  4.3317  0.7948  1.0372 -0.0176 -0.4146
  485   O   Ox1  485  4.1553  4.7247  0.5653 -0.5118  0.2543 -0.9529
  485   O   Ox2  485  4.0883  4.6327  0.6060  1.1270 -0.4232  0.2315
  486   O   Ox1  486  3.0328  2.7948  1.0836 -2.8898 -2.4832 -0.0003
  486   O   Ox2  486  3.1015  2.7331  1.1615  0.5937 -1.2844 -2.0789
  487   O   Ox1  487  1.7676  2.8587  2.1913  3.0222 -2.8695  1.1773
  487   O   Ox2  487  1.7098  2.9361  2.1188  2.4371 -1.6976  2.8805
  488   O   Ox1  488  2.3316  0.3535  1.6560  1.3803 -2.8937 -0.5701
  488   O   Ox2  488  2.2984  0.2846  1.5624  1.7812 -6.2771  1.7414
  489   O   Ox1  489  4.2202  5.0467  1.5855 -1.5254  1.9826 -0.5595
  489   O   Ox2  489  4.3267  5.0593  1.5299 -0.9552 -0.1067  0.0413
  490   O   Ox1  490  1.4567 -0.4450 -0.4199  0.1042  1.3845 -2.4754
  490   O   Ox2  490  1.3594 -0.3973 -0.3665  1.3844  1.9340 -0.6156
  491   O   Ox1  491  1.4089  0.9171 -1.2236  3.5111  0.7281 -0.4844
  491   O   Ox2  491  1.3026  0.9374 -1.2772  2.9821 -2.7505 -0.8037
  492   O   Ox1  492  3.6731  1.4807  1.3854 -2.0160 -2.0369 -1.9818
  492   O   Ox2  492  3.7277  1.4355  1.4833  0.3031  5.4804  0.3322
  493   O   Ox1  493  1.4105  1.4166  5.6078 -0.6118  0.6229  5.2961
  493   O   Ox2  493  1.5178  1.4640  5.6368 -1.2285  4.2268  1.8595
  494   O   Ox1  494  2.1150  0.9325 -0.5746 -1.6786  0.7682  0.1112
  494   O   Ox2  494  2.0959  0.8247 -0.6256 -1.6166  1.2397 -0.9136
  495   O   Ox1  495  2.8600  2.0970  4.5721  1.9807  0.8113 -4.8668
  495   O   Ox2  495  2.8556  2.2175  4.5654 -0.4997  1.0712  0.3503
  496   O   Ox1  496  2.3062  2.6442  1.0697 -4.0390  4.7550  1.8639
  496   O   Ox2  496  2.2006  2.5966  1.1041 -3.0851  0.2418 -1.2771
  497   O   Ox1  497  1.7553  2.4176  4.2897 -2.2461  0.7595  0.2405
  497   O   Ox2  497  1.7953  2.3433  4.2033  0.1841  3.6555 -1.1642
  498   O   Ox1  498  1.0693  6.0047  0.8409 -0.1918 -1.1580 -0.0783
  498   O   Ox2  498  1.1184  6.0946  0.9050  1.5999 -2.5715  0.5491
  499   O   Ox1  499  2.6992  3.2929  1.7769 -0.2199 -1.2770  0.6726
  499   O   Ox2  499  2.6164  3.3791  1.7946  0.8635  0.2201 -1.4625
  500   O   Ox1  500  5.4087  1.3588 -0.0503  1.2936  1.2038 -3.4681
  500   O   Ox2  500  5.4597  1.4626 -0.0849  0.2805  3.1653  0.7869
   2.8046443262616836        2.8046443262616836        2.8046443262616836
