           2
          13
          24
          49
          82
         127
         173
         243
         307
         365
         475
         558
         634
         778
         839
        1001
        1176
        1259
        1416
        1588
        1656
        1892
        2052
        2249
        2436
        2718
        2808
        3049
        3446
        3577
        3842
        4006
        4273
        4533
        4781
        5115
        5308
        5610
        6099
        6333
        6483
        6992
        7351
        7423
        7750
        8138
        8518
        8888
        9218
        9731
       10267
       10318
       10788
       11154
       11498
       11808
       12194
       12915
       13170
       13515
       13807
       14411
       14947
       15330
       15623
       16187
       16714
       16934
       17306
       18128
       18351
       18796
       19270
       19779
       20209
       20827
       21205
       21633
       22112
       22670
       22939
       23723
       23853
       24308
       25040
       25582
       25920
       26405
       27013
       27465
       27924
       28586
       28507
       29407
       30024
       30456
       31066
       31428
       31971
       32349
       32789
       33449
       33902
       34242
       34820
       35323
       35320
       36553
       36524
       37268
       37932
       38589
       38251
       39147
       39367
       39847
       40861
       41185
       41362
       42109
       42156
       42953
       43247
       43827
       43906
       44643
       44830
       45462
       45886
       46009
       46484
       46940
       47939
       47882
       48407
       48856
       48922
       48992
       50345
       50102
       50594
       51036
       51418
       51413
       51844
       52064
       52880
       53342
       53004
       53533
       53600
       54740
       54644
       54619
       55222
       55766
       55772
       56077
       56241
       56699
       57021
       56716
       57980
       57928
       57660
       57885
       58221
       58582
       58547
       59141
       59267
       59507
       59421
       59222
       59616
       60159
       60505
       60511
       60853
       60731
       60951
       60896
       61318
       60642
       60939
       61143
       61239
       61540
       61602
       61514
       61331
       61479
       61363
       62059
       62170
       61945
       62592
       62191
       62351
       61831
       62164
       62047
       61846
       61977
       61793
       61701
       61933
       62234
       61621
       61790
       61867
       60913
       61327
       61580
       61698
       61636
       61800
       60936
       60866
       60903
       60708
       60504
       61090
       60704
       60625
       60218
       59940
       59656
       59876
       59478
       59717
       59018
       59266
       58981
       59064
       58450
       58118
       57803
       57670
       57990
       57451
       57440
       57403
       56942
       56966
       56133
       56679
       56152
       55608
       55384
       55245
       54991
       54788
       55062
       54595
       54348
       53763
       53454
       53268
       52643
       53108
       52741
       52392
       51857
       51553
       51167
       50873
       50920
       49972
       50329
       49828
       49423
       49460
       48975
       48405
       48102
       47649
       47878
       47315
       46961
       46606
       46667
       46044
       45907
       45403
       44786
       45096
       44467
       44321
       43804
       43386
       43010
       42942
       42501
       42242
       41732
       41473
       41486
       40922
       40464
       40517
       39620
       39631
       39839
       38850
       38759
       38194
       37893
       37761
       37231
       36781
       36506
       36183
       35755
       35644
       34626
       34574
       34162
       34415
       33559
       34057
       33347
       32900
       32549
       32320
       31906
       31856
       31640
       30905
       30619
       30259
       30128
       29966
       29496
       29490
       28914
       28529
       28163
       27977
       27598
       27384
       26844
       26932
       26484
       26157
       25971
       25850
       25261
       24935
       25178
       24338
       24047
       23811
       23849
       23429
       22521
       22796
       22354
       22427
       22137
       21729
       21179
       21063
       20835
       20583
       20313
       20067
       19907
       19683
       18854
       19185
       18775
       18532
       18326
       18299
       18054
       17687
       17337
       17280
       16979
       16476
       16214
       16324
       16050
       15607
       15638
       15437
       15180
       15059
       14717
       14504
       14440
       14242
       14139
       13720
       13329
       13287
       13076
       12881
       12731
       12521
       12357
       12103
       12103
       11887
       11694
       11387
       11207
       11280
       10935
       10789
       10522
       10263
       10260
       10242
       10022
        9833
        9704
        9560
        9230
        9054
        9083
        8904
        8862
        8638
        8457
        8444
        8273
        8022
        7997
        7879
        7844
        7441
        7425
        7264
        7215
        7007
        7091
        6856
        6656
        6575
        6471
        6380
        6103
        6224
        6050
        5798
        5754
        5674
        5548
        5596
        5476
        5443
        5344
        5118
        5084
        4908
        4856
        4749
        4676
        4629
        4565
        4479
        4399
        4340
        4171
        4150
        3977
        3925
        3998
        3794
        3711
        3711
        3532
        3488
        3515
        3377
        3250
        3311
        3243
        3134
        3061
        2975
        2928
        2894
        2938
        2791
        2789
        2679
        2680
        2592
        2541
        2360
        2317
        2398
        2302
        2259
        2075
        2177
        2137
        2136
        2079
        2049
        1917
        1865
        1914
        1870
        1785
        1770
        1692
        1678
        1625
        1628
        1576
        1535
        1511
        1495
        1508
        1473
        1363
        1406
        1286
        1267
        1295
        1213
        1282
        1144
        1153
        1100
        1163
        1063
        1086
        1023
        1095
        1028
         966
         926
         972
         925
         901
         868
         827
         827
         786
         808
         777
         714
         758
         730
         736
         681
         657
         671
         652
         596
         606
         598
         605
         553
         570
         516
         491
         486
         449
         537
         496
         451
         471
         480
         442
         422
         430
         421
         362
         415
         374
         374
         380
         384
         336
         340
         322
         324
         289
         276
         281
         279
         252
         262
         278
         256
         237
         238
         224
         243
         218
         211
         229
         237
         208
         186
         179
         182
         168
         177
         172
         167
         162
         157
         149
         153
         158
         147
         148
         133
         157
         118
         129
         127
         104
         113
         119
         114
         108
         103
          99
         102
         113
          91
          71
          89
          82
         104
          75
          71
          80
          73
          76
          79
          72
          59
          57
          56
          63
          49
          54
          55
          62
          54
          55
          51
          44
          32
          68
          48
          37
          40
          47
          35
          37
          37
          29
          33
          36
          26
          23
          28
          31
          24
          21
          37
          23
          19
          33
          24
          29
          28
          17
          17
          27
          17
          19
          17
          21
          23
          19
          16
          25
          14
          18
          17
          12
          12
          13
           9
          13
          10
          16
          16
           9
          13
           7
          13
          14
           9
           8
          10
           6
          10
           8
          10
          10
          11
           8
           3
           5
           9
           8
           4
           5
           4
           2
           4
           9
           6
           5
           4
           5
           7
           4
           3
           8
           2
           4
           3
           6
           1
           2
           4
           4
           3
           2
           2
           7
           3
           2
           3
           2
           2
           3
           4
           1
           0
           3
           1
           2
           3
           3
           3
           0
           3
           2
           1
           4
           0
           1
           1
           1
           0
           0
           0
           1
           1
           2
           1
           1
           2
           0
           1
           0
           0
           1
           0
           0
           0
           1
           1
           0
           0
           0
           0
           1
           0
           0
           0
           1
           1
           0
           0
           1
