 After step        50001
        1000
    1   O   Ox1    1 -0.0281 -0.0168  0.4113 -0.0281 -0.0168  0.4113
    1   O   Ox2    1 -0.1435 -0.2205 -0.2075 -0.1435 -0.2205 -0.2075
    2   O   Ox1    2 -0.0397  0.1373  0.1631 -0.0397  0.1373  0.1631
    2   O   Ox2    2 -0.1015  0.0038 -0.0085 -0.1015  0.0038 -0.0085
    3   O   Ox1    3  0.0179 -0.4783 -0.1406  0.0179 -0.4783 -0.1406
    3   O   Ox2    3 -0.1449  0.0595 -0.2940 -0.1449  0.0595 -0.2940
    4   O   Ox1    4 -0.1099  0.0735  0.0012 -0.1099  0.0735  0.0012
    4   O   Ox2    4 -0.1043 -0.0054  0.1882 -0.1043 -0.0054  0.1882
    5   O   Ox1    5 -0.0309  0.1682 -0.1929 -0.0309  0.1682 -0.1929
    5   O   Ox2    5  0.0095  0.1526 -0.1459  0.0095  0.1526 -0.1459
    6   O   Ox1    6  0.0010 -0.2102  0.0871  0.0010 -0.2102  0.0871
    6   O   Ox2    6  0.1384 -0.2343  0.0929  0.1384 -0.2343  0.0929
    7   O   Ox1    7 -0.1354  0.0259  0.1764 -0.1354  0.0259  0.1764
    7   O   Ox2    7  0.0577  0.5412  0.0680  0.0577  0.5412  0.0680
    8   O   Ox1    8  0.3859 -0.0016  0.2015  0.3859 -0.0016  0.2015
    8   O   Ox2    8  0.2314  0.1976  0.2393  0.2314  0.1976  0.2393
    9   O   Ox1    9  0.1915 -0.0381 -0.2177  0.1915 -0.0381 -0.2177
    9   O   Ox2    9  0.1282 -0.1380 -0.1312  0.1282 -0.1380 -0.1312
   10   O   Ox1   10  0.0149  0.1571  0.2017  0.0149  0.1571  0.2017
   10   O   Ox2   10  0.3245  0.2293 -0.3617  0.3245  0.2293 -0.3617
   11   O   Ox1   11 -0.2694  0.0043 -0.2354 -0.2694  0.0043 -0.2354
   11   O   Ox2   11 -0.0421 -0.2527  0.4650 -0.0421 -0.2527  0.4650
   12   O   Ox1   12 -0.1719 -0.2929  0.4618 -0.1719 -0.2929  0.4618
   12   O   Ox2   12 -0.3527  0.0456  0.1857 -0.3527  0.0456  0.1857
   13   O   Ox1   13 -0.1570 -0.4141  0.0870 -0.1570 -0.4141  0.0870
   13   O   Ox2   13  0.0370 -0.0358  0.0231  0.0370 -0.0358  0.0231
   14   O   Ox1   14 -0.1049  0.2571  0.0885 -0.1049  0.2571  0.0885
   14   O   Ox2   14 -0.2055  0.1803  0.2039 -0.2055  0.1803  0.2039
   15   O   Ox1   15 -0.4602 -0.6935  0.0006 -0.4602 -0.6935  0.0006
   15   O   Ox2   15 -0.0836 -0.1023 -0.0914 -0.0836 -0.1023 -0.0914
   16   O   Ox1   16  0.3018 -0.1429  0.1870  0.3018 -0.1429  0.1870
   16   O   Ox2   16  0.2153 -0.1448 -0.0134  0.2153 -0.1448 -0.0134
   17   O   Ox1   17  0.0928 -0.1462 -0.0508  0.0928 -0.1462 -0.0508
   17   O   Ox2   17 -0.0935 -0.0517 -0.1007 -0.0935 -0.0517 -0.1007
   18   O   Ox1   18  0.1889  0.0766  0.1163  0.1889  0.0766  0.1163
   18   O   Ox2   18 -0.1117 -0.3240 -0.3325 -0.1117 -0.3240 -0.3325
   19   O   Ox1   19  0.2185 -0.0708  0.0943  0.2185 -0.0708  0.0943
   19   O   Ox2   19 -0.1214 -0.2960  0.3368 -0.1214 -0.2960  0.3368
   20   O   Ox1   20 -0.1494  0.1499  0.3375 -0.1494  0.1499  0.3375
   20   O   Ox2   20  0.1820  0.0307 -0.0289  0.1820  0.0307 -0.0289
   21   O   Ox1   21 -0.1224  0.0023 -0.0314 -0.1224  0.0023 -0.0314
   21   O   Ox2   21  0.0171  0.0817 -0.0585  0.0171  0.0817 -0.0585
   22   O   Ox1   22  0.0507 -0.0054 -0.3816  0.0507 -0.0054 -0.3816
   22   O   Ox2   22 -0.0891 -0.1331  0.0115 -0.0891 -0.1331  0.0115
   23   O   Ox1   23  0.0657 -0.2694 -0.0315  0.0657 -0.2694 -0.0315
   23   O   Ox2   23  0.2630 -0.4993 -0.1015  0.2630 -0.4993 -0.1015
   24   O   Ox1   24 -0.0741  0.1786 -0.1207 -0.0741  0.1786 -0.1207
   24   O   Ox2   24  0.0769 -0.0429 -0.0224  0.0769 -0.0429 -0.0224
   25   O   Ox1   25 -0.0925 -0.1817 -0.0150 -0.0925 -0.1817 -0.0150
   25   O   Ox2   25 -0.1455 -0.1088  0.0540 -0.1455 -0.1088  0.0540
   26   O   Ox1   26 -0.0473 -0.0100 -0.0536 -0.0473 -0.0100 -0.0536
   26   O   Ox2   26 -0.1730  0.0119 -0.1139 -0.1730  0.0119 -0.1139
   27   O   Ox1   27  0.0335 -0.0932 -0.1532  0.0335 -0.0932 -0.1532
   27   O   Ox2   27 -0.0530 -0.0492 -0.1911 -0.0530 -0.0492 -0.1911
   28   O   Ox1   28  0.0096  0.1440 -0.0521  0.0096  0.1440 -0.0521
   28   O   Ox2   28 -0.0759 -0.0012 -0.3287 -0.0759 -0.0012 -0.3287
   29   O   Ox1   29 -0.0118  0.0390 -0.0634 -0.0118  0.0390 -0.0634
   29   O   Ox2   29 -0.0548  0.0220 -0.0849 -0.0548  0.0220 -0.0849
   30   O   Ox1   30  0.0448  0.1680  0.0113  0.0448  0.1680  0.0113
   30   O   Ox2   30  0.0451 -0.1212  0.0365  0.0451 -0.1212  0.0365
   31   O   Ox1   31 -0.0951  0.1259 -0.2572 -0.0951  0.1259 -0.2572
   31   O   Ox2   31 -0.0373  0.2864 -0.0311 -0.0373  0.2864 -0.0311
   32   O   Ox1   32  0.0681  0.0342  0.0317  0.0681  0.0342  0.0317
   32   O   Ox2   32  0.4355 -0.2768  0.5056  0.4355 -0.2768  0.5056
   33   O   Ox1   33  0.1222 -0.1281  0.1778  0.1222 -0.1281  0.1778
   33   O   Ox2   33  0.0284 -0.0568  0.0566  0.0284 -0.0568  0.0566
   34   O   Ox1   34  0.2980 -0.0031 -0.0956  0.2980 -0.0031 -0.0956
   34   O   Ox2   34  0.0000  0.1840  0.3276  0.0000  0.1840  0.3276
   35   O   Ox1   35  0.1289  0.3098 -0.2911  0.1289  0.3098 -0.2911
   35   O   Ox2   35 -0.2193 -0.5435 -0.2930 -0.2193 -0.5435 -0.2930
   36   O   Ox1   36 -0.0617  0.3251  0.2133 -0.0617  0.3251  0.2133
   36   O   Ox2   36 -0.0987 -0.0178 -0.0869 -0.0987 -0.0178 -0.0869
   37   O   Ox1   37  0.1453  0.0108  0.1920  0.1453  0.0108  0.1920
   37   O   Ox2   37 -0.2443 -0.2628 -0.2040 -0.2443 -0.2628 -0.2040
   38   O   Ox1   38 -0.4500  0.0783 -0.1354 -0.4500  0.0783 -0.1354
   38   O   Ox2   38 -0.0269  0.1530 -0.0196 -0.0269  0.1530 -0.0196
   39   O   Ox1   39  0.0707  0.2021  0.2792  0.0707  0.2021  0.2792
   39   O   Ox2   39 -0.2443 -0.0082  0.0849 -0.2443 -0.0082  0.0849
   40   O   Ox1   40  0.1860  0.2956 -0.3294  0.1860  0.2956 -0.3294
   40   O   Ox2   40  0.0648  0.0014 -0.2320  0.0648  0.0014 -0.2320
   41   O   Ox1   41  0.0012  0.0738 -0.0043  0.0012  0.0738 -0.0043
   41   O   Ox2   41 -0.0084  0.0593 -0.0158 -0.0084  0.0593 -0.0158
   42   O   Ox1   42 -0.0888 -0.0959  0.3623 -0.0888 -0.0959  0.3623
   42   O   Ox2   42  0.0461 -0.2120  0.4710  0.0461 -0.2120  0.4710
   43   O   Ox1   43 -0.0492 -0.0773 -0.1015 -0.0492 -0.0773 -0.1015
   43   O   Ox2   43 -0.0819  0.2805 -0.1848 -0.0819  0.2805 -0.1848
   44   O   Ox1   44  0.0301 -0.0248  0.3917  0.0301 -0.0248  0.3917
   44   O   Ox2   44  0.1878 -0.4626  0.0744  0.1878 -0.4626  0.0744
   45   O   Ox1   45 -0.0884  0.2128 -0.0210 -0.0884  0.2128 -0.0210
   45   O   Ox2   45  0.0341 -0.0687  0.1511  0.0341 -0.0687  0.1511
   46   O   Ox1   46  0.0295  0.0688 -0.0647  0.0295  0.0688 -0.0647
   46   O   Ox2   46  0.0094  0.2100 -0.2121  0.0094  0.2100 -0.2121
   47   O   Ox1   47  0.1933  0.1499  0.0377  0.1933  0.1499  0.0377
   47   O   Ox2   47 -0.0653  0.2387  0.0021 -0.0653  0.2387  0.0021
   48   O   Ox1   48 -0.0906  0.0005  0.1475 -0.0906  0.0005  0.1475
   48   O   Ox2   48  0.2025  0.1731  0.2894  0.2025  0.1731  0.2894
   49   O   Ox1   49  0.1787 -0.3028  0.1075  0.1787 -0.3028  0.1075
   49   O   Ox2   49 -0.0149  0.0508  0.0367 -0.0149  0.0508  0.0367
   50   O   Ox1   50  0.0937 -0.1923 -0.1613  0.0937 -0.1923 -0.1613
   50   O   Ox2   50 -0.0909 -0.2836 -0.0334 -0.0909 -0.2836 -0.0334
   51   O   Ox1   51  0.1215  0.1593 -0.0049  0.1215  0.1593 -0.0049
   51   O   Ox2   51  0.1396 -0.3552 -0.1309  0.1396 -0.3552 -0.1309
   52   O   Ox1   52  0.0495  0.3603 -0.0954  0.0495  0.3603 -0.0954
   52   O   Ox2   52 -0.0675  0.1954  0.1390 -0.0675  0.1954  0.1390
   53   O   Ox1   53 -0.0731  0.3051  0.2698 -0.0731  0.3051  0.2698
   53   O   Ox2   53 -0.0281 -0.3388 -0.2816 -0.0281 -0.3388 -0.2816
   54   O   Ox1   54 -0.1153 -0.1570 -0.1118 -0.1153 -0.1570 -0.1118
   54   O   Ox2   54  0.1007 -0.1579 -0.0582  0.1007 -0.1579 -0.0582
   55   O   Ox1   55  0.2549 -0.0791 -0.0017  0.2549 -0.0791 -0.0017
   55   O   Ox2   55  0.2504  0.2080  0.0524  0.2504  0.2080  0.0524
   56   O   Ox1   56 -0.0520 -0.0146  0.1580 -0.0520 -0.0146  0.1580
   56   O   Ox2   56  0.1342  0.0178 -0.0043  0.1342  0.0178 -0.0043
   57   O   Ox1   57  0.1638 -0.1367 -0.0743  0.1638 -0.1367 -0.0743
   57   O   Ox2   57 -0.4349  0.0560 -0.3480 -0.4349  0.0560 -0.3480
   58   O   Ox1   58  0.1141  0.1667  0.0691  0.1141  0.1667  0.0691
   58   O   Ox2   58  0.0976  0.1250 -0.2619  0.0976  0.1250 -0.2619
   59   O   Ox1   59 -0.3686 -0.1818 -0.0030 -0.3686 -0.1818 -0.0030
   59   O   Ox2   59  0.0005 -0.2823  0.1639  0.0005 -0.2823  0.1639
   60   O   Ox1   60  0.2868  0.0972 -0.2090  0.2868  0.0972 -0.2090
   60   O   Ox2   60  0.1037 -0.1338 -0.0373  0.1037 -0.1338 -0.0373
   61   O   Ox1   61 -0.1413 -0.2073  0.1478 -0.1413 -0.2073  0.1478
   61   O   Ox2   61  0.0541 -0.1012  0.0758  0.0541 -0.1012  0.0758
   62   O   Ox1   62  0.4262 -0.3812  0.1598  0.4262 -0.3812  0.1598
   62   O   Ox2   62 -0.0568 -0.2825 -0.1714 -0.0568 -0.2825 -0.1714
   63   O   Ox1   63  0.2298 -0.0942  0.1042  0.2298 -0.0942  0.1042
   63   O   Ox2   63  0.0021 -0.4166  0.2993  0.0021 -0.4166  0.2993
   64   O   Ox1   64 -0.3575  0.1603  0.1563 -0.3575  0.1603  0.1563
   64   O   Ox2   64 -0.0461 -0.1048  0.0479 -0.0461 -0.1048  0.0479
   65   O   Ox1   65 -0.3308  0.0585 -0.0088 -0.3308  0.0585 -0.0088
   65   O   Ox2   65  0.0257  0.0220  0.1084  0.0257  0.0220  0.1084
   66   O   Ox1   66  0.5598  0.3038 -0.3592  0.5598  0.3038 -0.3592
   66   O   Ox2   66 -0.2842  0.0486  0.3424 -0.2842  0.0486  0.3424
   67   O   Ox1   67 -0.1597 -0.2168 -0.1457 -0.1597 -0.2168 -0.1457
   67   O   Ox2   67 -0.0664  0.0166  0.1536 -0.0664  0.0166  0.1536
   68   O   Ox1   68  0.1634 -0.1169 -0.0306  0.1634 -0.1169 -0.0306
   68   O   Ox2   68 -0.1468 -0.1478 -0.1458 -0.1468 -0.1478 -0.1458
   69   O   Ox1   69  0.2060 -0.0867 -0.1950  0.2060 -0.0867 -0.1950
   69   O   Ox2   69  0.2785  0.1603  0.0056  0.2785  0.1603  0.0056
   70   O   Ox1   70 -0.0781  0.0703  0.3875 -0.0781  0.0703  0.3875
   70   O   Ox2   70  0.0637 -0.0005  0.0585  0.0637 -0.0005  0.0585
   71   O   Ox1   71  0.1114  0.1645  0.0799  0.1114  0.1645  0.0799
   71   O   Ox2   71  0.0408  0.1884 -0.3578  0.0408  0.1884 -0.3578
   72   O   Ox1   72  0.4253  0.2662  0.0762  0.4253  0.2662  0.0762
   72   O   Ox2   72  0.2894  0.1175 -0.0311  0.2894  0.1175 -0.0311
   73   O   Ox1   73 -0.4362  0.2564 -0.1298 -0.4362  0.2564 -0.1298
   73   O   Ox2   73 -0.1445  0.2442 -0.1263 -0.1445  0.2442 -0.1263
   74   O   Ox1   74  0.0576 -0.0689  0.0911  0.0576 -0.0689  0.0911
   74   O   Ox2   74 -0.0355 -0.0708 -0.1730 -0.0355 -0.0708 -0.1730
   75   O   Ox1   75 -0.1240  0.1292 -0.2212 -0.1240  0.1292 -0.2212
   75   O   Ox2   75  0.0526 -0.0613 -0.2636  0.0526 -0.0613 -0.2636
   76   O   Ox1   76  0.0057  0.1110 -0.2996  0.0057  0.1110 -0.2996
   76   O   Ox2   76  0.0303 -0.0106 -0.0505  0.0303 -0.0106 -0.0505
   77   O   Ox1   77 -0.2264  0.1305  0.1736 -0.2264  0.1305  0.1736
   77   O   Ox2   77  0.2324  0.2361  0.2561  0.2324  0.2361  0.2561
   78   O   Ox1   78  0.1618  0.1762  0.0022  0.1618  0.1762  0.0022
   78   O   Ox2   78  0.2363  0.0180  0.0171  0.2363  0.0180  0.0171
   79   O   Ox1   79 -0.1843  0.0836  0.4254 -0.1843  0.0836  0.4254
   79   O   Ox2   79 -0.0649 -0.0316 -0.1762 -0.0649 -0.0316 -0.1762
   80   O   Ox1   80 -0.2386  0.1079 -0.0259 -0.2386  0.1079 -0.0259
   80   O   Ox2   80 -0.0744  0.0511 -0.1159 -0.0744  0.0511 -0.1159
   81   O   Ox1   81  0.0352 -0.2306  0.0377  0.0352 -0.2306  0.0377
   81   O   Ox2   81  0.1458 -0.1449 -0.1246  0.1458 -0.1449 -0.1246
   82   O   Ox1   82  0.0609  0.1436  0.0623  0.0609  0.1436  0.0623
   82   O   Ox2   82 -0.0096  0.0806 -0.0876 -0.0096  0.0806 -0.0876
   83   O   Ox1   83  0.0681 -0.0145 -0.1525  0.0681 -0.0145 -0.1525
   83   O   Ox2   83  0.1469  0.0122 -0.4589  0.1469  0.0122 -0.4589
   84   O   Ox1   84  0.1495 -0.0330  0.0573  0.1495 -0.0330  0.0573
   84   O   Ox2   84 -0.1988  0.2000  0.0793 -0.1988  0.2000  0.0793
   85   O   Ox1   85 -0.0526 -0.0151  0.0692 -0.0526 -0.0151  0.0692
   85   O   Ox2   85  0.0215  0.2441  0.0428  0.0215  0.2441  0.0428
   86   O   Ox1   86  0.1705  0.0664 -0.2546  0.1705  0.0664 -0.2546
   86   O   Ox2   86  0.1599 -0.0111  0.3929  0.1599 -0.0111  0.3929
   87   O   Ox1   87  0.0453 -0.0093  0.1339  0.0453 -0.0093  0.1339
   87   O   Ox2   87 -0.3108  0.0328 -0.1415 -0.3108  0.0328 -0.1415
   88   O   Ox1   88  0.2662 -0.1813 -0.2491  0.2662 -0.1813 -0.2491
   88   O   Ox2   88  0.2223 -0.1332 -0.0753  0.2223 -0.1332 -0.0753
   89   O   Ox1   89  0.1921  0.1828  0.2755  0.1921  0.1828  0.2755
   89   O   Ox2   89 -0.1629 -0.0759  0.1503 -0.1629 -0.0759  0.1503
   90   O   Ox1   90  0.0273 -0.3330 -0.0200  0.0273 -0.3330 -0.0200
   90   O   Ox2   90  0.1479  0.1123  0.0082  0.1479  0.1123  0.0082
   91   O   Ox1   91  0.1430  0.2399  0.0999  0.1430  0.2399  0.0999
   91   O   Ox2   91  0.3069  0.0342  0.0604  0.3069  0.0342  0.0604
   92   O   Ox1   92  0.1260  0.0682  0.3452  0.1260  0.0682  0.3452
   92   O   Ox2   92  0.1645  0.2180  0.0891  0.1645  0.2180  0.0891
   93   O   Ox1   93 -0.1117  0.1963  0.3389 -0.1117  0.1963  0.3389
   93   O   Ox2   93  0.1483 -0.0408  0.0806  0.1483 -0.0408  0.0806
   94   O   Ox1   94 -0.2754 -0.0912  0.2755 -0.2754 -0.0912  0.2755
   94   O   Ox2   94 -0.3072  0.1724 -0.0149 -0.3072  0.1724 -0.0149
   95   O   Ox1   95 -0.0809 -0.0757 -0.2368 -0.0809 -0.0757 -0.2368
   95   O   Ox2   95 -0.0489 -0.0094 -0.1982 -0.0489 -0.0094 -0.1982
   96   O   Ox1   96 -0.0607  0.0999 -0.1100 -0.0607  0.0999 -0.1100
   96   O   Ox2   96 -0.1731 -0.0995  0.0789 -0.1731 -0.0995  0.0789
   97   O   Ox1   97 -0.0862 -0.0894  0.0101 -0.0862 -0.0894  0.0101
   97   O   Ox2   97  0.0552  0.1071  0.2307  0.0552  0.1071  0.2307
   98   O   Ox1   98  0.0258  0.0461  0.1334  0.0258  0.0461  0.1334
   98   O   Ox2   98 -0.1293  0.1719 -0.0102 -0.1293  0.1719 -0.0102
   99   O   Ox1   99 -0.1684  0.1916 -0.0337 -0.1684  0.1916 -0.0337
   99   O   Ox2   99 -0.0846 -0.1109 -0.2489 -0.0846 -0.1109 -0.2489
  100   O   Ox1  100 -0.0277  0.2683  0.2097 -0.0277  0.2683  0.2097
  100   O   Ox2  100  0.0779  0.4416  0.2911  0.0779  0.4416  0.2911
  101   O   Ox1  101 -0.3848  0.0172 -0.1204 -0.3848  0.0172 -0.1204
  101   O   Ox2  101 -0.0288  0.0907 -0.0479 -0.0288  0.0907 -0.0479
  102   O   Ox1  102  0.0887 -0.2401  0.0799  0.0887 -0.2401  0.0799
  102   O   Ox2  102 -0.0771 -0.1038  0.0919 -0.0771 -0.1038  0.0919
  103   O   Ox1  103  0.2044 -0.1636 -0.2620  0.2044 -0.1636 -0.2620
  103   O   Ox2  103  0.2129  0.0337 -0.0283  0.2129  0.0337 -0.0283
  104   O   Ox1  104  0.2473 -0.0235 -0.1744  0.2473 -0.0235 -0.1744
  104   O   Ox2  104  0.3945 -0.0667 -0.2380  0.3945 -0.0667 -0.2380
  105   O   Ox1  105  0.0811  0.3384  0.0108  0.0811  0.3384  0.0108
  105   O   Ox2  105 -0.1523 -0.0460  0.2459 -0.1523 -0.0460  0.2459
  106   O   Ox1  106 -0.0348 -0.0724 -0.1918 -0.0348 -0.0724 -0.1918
  106   O   Ox2  106 -0.0365  0.0017  0.0409 -0.0365  0.0017  0.0409
  107   O   Ox1  107  0.0431 -0.0096 -0.0396  0.0431 -0.0096 -0.0396
  107   O   Ox2  107 -0.1041  0.1715  0.0949 -0.1041  0.1715  0.0949
  108   O   Ox1  108 -0.4133 -0.1298  0.0687 -0.4133 -0.1298  0.0687
  108   O   Ox2  108 -0.3186  0.1130  0.0955 -0.3186  0.1130  0.0955
  109   O   Ox1  109 -0.1267 -0.1656 -0.0303 -0.1267 -0.1656 -0.0303
  109   O   Ox2  109 -0.0035 -0.0698 -0.3650 -0.0035 -0.0698 -0.3650
  110   O   Ox1  110  0.0862  0.3210 -0.0751  0.0862  0.3210 -0.0751
  110   O   Ox2  110 -0.0809  0.2281 -0.0667 -0.0809  0.2281 -0.0667
  111   O   Ox1  111 -0.0023  0.2234  0.0845 -0.0023  0.2234  0.0845
  111   O   Ox2  111  0.1091 -0.2181  0.5640  0.1091 -0.2181  0.5640
  112   O   Ox1  112 -0.2196 -0.1045 -0.0125 -0.2196 -0.1045 -0.0125
  112   O   Ox2  112  0.1355  0.1344  0.3294  0.1355  0.1344  0.3294
  113   O   Ox1  113  0.0745  0.0145 -0.0195  0.0745  0.0145 -0.0195
  113   O   Ox2  113 -0.0145 -0.0258  0.2895 -0.0145 -0.0258  0.2895
  114   O   Ox1  114  0.0671  0.1174  0.2111  0.0671  0.1174  0.2111
  114   O   Ox2  114  0.1002  0.0962  0.3328  0.1002  0.0962  0.3328
  115   O   Ox1  115 -0.0664  0.2886  0.2496 -0.0664  0.2886  0.2496
  115   O   Ox2  115  0.0725  0.2756  0.1870  0.0725  0.2756  0.1870
  116   O   Ox1  116 -0.1140  0.1019 -0.2456 -0.1140  0.1019 -0.2456
  116   O   Ox2  116  0.0473 -0.1526 -0.1271  0.0473 -0.1526 -0.1271
  117   O   Ox1  117 -0.1546 -0.3091  0.2425 -0.1546 -0.3091  0.2425
  117   O   Ox2  117  0.1348  0.1349  0.1525  0.1348  0.1349  0.1525
  118   O   Ox1  118 -0.0233 -0.0913 -0.0401 -0.0233 -0.0913 -0.0401
  118   O   Ox2  118  0.1867 -0.0170  0.0003  0.1867 -0.0170  0.0003
  119   O   Ox1  119 -0.0673 -0.1593 -0.1184 -0.0673 -0.1593 -0.1184
  119   O   Ox2  119 -0.1393 -0.1806  0.1515 -0.1393 -0.1806  0.1515
  120   O   Ox1  120  0.5598  0.1765  0.1905  0.5598  0.1765  0.1905
  120   O   Ox2  120  0.4379 -0.0096  0.1168  0.4379 -0.0096  0.1168
  121   O   Ox1  121 -0.0328 -0.1406 -0.0359 -0.0328 -0.1406 -0.0359
  121   O   Ox2  121 -0.1436 -0.3400  0.0241 -0.1436 -0.3400  0.0241
  122   O   Ox1  122  0.1253  0.3116 -0.3820  0.1253  0.3116 -0.3820
  122   O   Ox2  122  0.1022 -0.1279  0.1008  0.1022 -0.1279  0.1008
  123   O   Ox1  123  0.0380  0.0750  0.1371  0.0380  0.0750  0.1371
  123   O   Ox2  123 -0.0069  0.0284  0.1726 -0.0069  0.0284  0.1726
  124   O   Ox1  124 -0.0555 -0.2254  0.3136 -0.0555 -0.2254  0.3136
  124   O   Ox2  124 -0.1594 -0.1136  0.0684 -0.1594 -0.1136  0.0684
  125   O   Ox1  125  0.3709 -0.1886 -0.0572  0.3709 -0.1886 -0.0572
  125   O   Ox2  125  0.1171  0.0735 -0.1881  0.1171  0.0735 -0.1881
  126   O   Ox1  126 -0.5067  0.0263  0.0914 -0.5067  0.0263  0.0914
  126   O   Ox2  126  0.0162 -0.0310 -0.1108  0.0162 -0.0310 -0.1108
  127   O   Ox1  127  0.0349 -0.0458 -0.0707  0.0349 -0.0458 -0.0707
  127   O   Ox2  127  0.0973  0.0450 -0.0335  0.0973  0.0450 -0.0335
  128   O   Ox1  128  0.1140  0.0024  0.0228  0.1140  0.0024  0.0228
  128   O   Ox2  128  0.3136 -0.4020 -0.0397  0.3136 -0.4020 -0.0397
  129   O   Ox1  129 -0.1369 -0.0648 -0.2510 -0.1369 -0.0648 -0.2510
  129   O   Ox2  129  0.1299 -0.3839 -0.0104  0.1299 -0.3839 -0.0104
  130   O   Ox1  130  0.1337  0.3454  0.1182  0.1337  0.3454  0.1182
  130   O   Ox2  130  0.1743  0.2025 -0.0088  0.1743  0.2025 -0.0088
  131   O   Ox1  131  0.3585  0.1130 -0.0601  0.3585  0.1130 -0.0601
  131   O   Ox2  131 -0.1016  0.1009 -0.2539 -0.1016  0.1009 -0.2539
  132   O   Ox1  132 -0.2253 -0.3288 -0.0674 -0.2253 -0.3288 -0.0674
  132   O   Ox2  132 -0.0825  0.2105 -0.0335 -0.0825  0.2105 -0.0335
  133   O   Ox1  133  0.0577 -0.4485  0.1148  0.0577 -0.4485  0.1148
  133   O   Ox2  133 -0.1529 -0.1370 -0.1597 -0.1529 -0.1370 -0.1597
  134   O   Ox1  134  0.2538 -0.2414  0.0916  0.2538 -0.2414  0.0916
  134   O   Ox2  134 -0.1796 -0.1204  0.2209 -0.1796 -0.1204  0.2209
  135   O   Ox1  135  0.2696 -0.2973 -0.1618  0.2696 -0.2973 -0.1618
  135   O   Ox2  135 -0.1038  0.1920  0.2155 -0.1038  0.1920  0.2155
  136   O   Ox1  136  0.1930 -0.0542  0.0311  0.1930 -0.0542  0.0311
  136   O   Ox2  136 -0.3717 -0.0673 -0.0452 -0.3717 -0.0673 -0.0452
  137   O   Ox1  137 -0.0356  0.2607 -0.1170 -0.0356  0.2607 -0.1170
  137   O   Ox2  137 -0.2438 -0.0303  0.1521 -0.2438 -0.0303  0.1521
  138   O   Ox1  138  0.0781 -0.0011 -0.0817  0.0781 -0.0011 -0.0817
  138   O   Ox2  138  0.0740 -0.1110  0.1782  0.0740 -0.1110  0.1782
  139   O   Ox1  139  0.0796  0.2324 -0.0264  0.0796  0.2324 -0.0264
  139   O   Ox2  139 -0.2112  0.1867  0.1104 -0.2112  0.1867  0.1104
  140   O   Ox1  140  0.0781  0.1268 -0.0813  0.0781  0.1268 -0.0813
  140   O   Ox2  140  0.1207  0.0049 -0.0296  0.1207  0.0049 -0.0296
  141   O   Ox1  141  0.1346 -0.0866  0.1118  0.1346 -0.0866  0.1118
  141   O   Ox2  141  0.0091 -0.1642  0.1408  0.0091 -0.1642  0.1408
  142   O   Ox1  142  0.2049 -0.1344  0.1179  0.2049 -0.1344  0.1179
  142   O   Ox2  142  0.1736 -0.1232  0.1197  0.1736 -0.1232  0.1197
  143   O   Ox1  143  0.1474 -0.0536  0.3207  0.1474 -0.0536  0.3207
  143   O   Ox2  143  0.0180 -0.1890  0.5247  0.0180 -0.1890  0.5247
  144   O   Ox1  144  0.1891  0.0595  0.0461  0.1891  0.0595  0.0461
  144   O   Ox2  144  0.2262  0.3847  0.0025  0.2262  0.3847  0.0025
  145   O   Ox1  145 -0.0403 -0.0142 -0.0564 -0.0403 -0.0142 -0.0564
  145   O   Ox2  145 -0.0793 -0.0588  0.4608 -0.0793 -0.0588  0.4608
  146   O   Ox1  146 -0.0057 -0.1106  0.2346 -0.0057 -0.1106  0.2346
  146   O   Ox2  146  0.0309  0.1963  0.0838  0.0309  0.1963  0.0838
  147   O   Ox1  147  0.0363 -0.0335 -0.1386  0.0363 -0.0335 -0.1386
  147   O   Ox2  147 -0.0493  0.0723 -0.0212 -0.0493  0.0723 -0.0212
  148   O   Ox1  148  0.1194 -0.1695  0.1766  0.1194 -0.1695  0.1766
  148   O   Ox2  148 -0.1060  0.4860 -0.0818 -0.1060  0.4860 -0.0818
  149   O   Ox1  149  0.0500  0.0937  0.0129  0.0500  0.0937  0.0129
  149   O   Ox2  149  0.1965  0.0937  0.1046  0.1965  0.0937  0.1046
  150   O   Ox1  150 -0.2079  0.0996  0.1902 -0.2079  0.0996  0.1902
  150   O   Ox2  150 -0.3211 -0.2814 -0.2382 -0.3211 -0.2814 -0.2382
  151   O   Ox1  151 -0.3528 -0.0081  0.1174 -0.3528 -0.0081  0.1174
  151   O   Ox2  151  0.0257 -0.1393  0.0643  0.0257 -0.1393  0.0643
  152   O   Ox1  152  0.3558 -0.0243  0.3725  0.3558 -0.0243  0.3725
  152   O   Ox2  152  0.0786 -0.0471 -0.0878  0.0786 -0.0471 -0.0878
  153   O   Ox1  153 -0.1998 -0.1805 -0.0829 -0.1998 -0.1805 -0.0829
  153   O   Ox2  153 -0.1705 -0.1275  0.0619 -0.1705 -0.1275  0.0619
  154   O   Ox1  154  0.0377 -0.3980 -0.2048  0.0377 -0.3980 -0.2048
  154   O   Ox2  154  0.0646 -0.5188  0.0909  0.0646 -0.5188  0.0909
  155   O   Ox1  155 -0.1402 -0.0213  0.1699 -0.1402 -0.0213  0.1699
  155   O   Ox2  155 -0.1255 -0.2640 -0.0643 -0.1255 -0.2640 -0.0643
  156   O   Ox1  156 -0.0949  0.1309 -0.2689 -0.0949  0.1309 -0.2689
  156   O   Ox2  156 -0.0150 -0.0040  0.0724 -0.0150 -0.0040  0.0724
  157   O   Ox1  157  0.1147  0.2990  0.0146  0.1147  0.2990  0.0146
  157   O   Ox2  157  0.1840  0.0110 -0.6112  0.1840  0.0110 -0.6112
  158   O   Ox1  158 -0.2365  0.0083 -0.0558 -0.2365  0.0083 -0.0558
  158   O   Ox2  158 -0.1635  0.0199  0.1401 -0.1635  0.0199  0.1401
  159   O   Ox1  159  0.0602  0.1087 -0.0819  0.0602  0.1087 -0.0819
  159   O   Ox2  159 -0.0238  0.0110 -0.0253 -0.0238  0.0110 -0.0253
  160   O   Ox1  160 -0.0903 -0.2232  0.0426 -0.0903 -0.2232  0.0426
  160   O   Ox2  160 -0.3132 -0.0675 -0.0092 -0.3132 -0.0675 -0.0092
  161   O   Ox1  161 -0.1879  0.0979 -0.0659 -0.1879  0.0979 -0.0659
  161   O   Ox2  161  0.1393 -0.1232  0.0903  0.1393 -0.1232  0.0903
  162   O   Ox1  162 -0.0219  0.0898 -0.0505 -0.0219  0.0898 -0.0505
  162   O   Ox2  162  0.0252 -0.4147 -0.2022  0.0252 -0.4147 -0.2022
  163   O   Ox1  163  0.1325  0.1034  0.0981  0.1325  0.1034  0.0981
  163   O   Ox2  163  0.2917  0.1837  0.0064  0.2917  0.1837  0.0064
  164   O   Ox1  164 -0.0889  0.0435  0.0686 -0.0889  0.0435  0.0686
  164   O   Ox2  164 -0.0286  0.1481 -0.2632 -0.0286  0.1481 -0.2632
  165   O   Ox1  165  0.1029 -0.0967 -0.0554  0.1029 -0.0967 -0.0554
  165   O   Ox2  165 -0.1463 -0.2314  0.0083 -0.1463 -0.2314  0.0083
  166   O   Ox1  166 -0.4501 -0.2236  0.1070 -0.4501 -0.2236  0.1070
  166   O   Ox2  166 -0.0481 -0.0445  0.1567 -0.0481 -0.0445  0.1567
  167   O   Ox1  167 -0.0149  0.0384  0.1145 -0.0149  0.0384  0.1145
  167   O   Ox2  167 -0.0453 -0.0723 -0.0306 -0.0453 -0.0723 -0.0306
  168   O   Ox1  168 -0.1383 -0.0105  0.2353 -0.1383 -0.0105  0.2353
  168   O   Ox2  168 -0.0022  0.1865  0.1819 -0.0022  0.1865  0.1819
  169   O   Ox1  169  0.2033 -0.3045 -0.0244  0.2033 -0.3045 -0.0244
  169   O   Ox2  169  0.3502 -0.3212  0.0699  0.3502 -0.3212  0.0699
  170   O   Ox1  170  0.1284 -0.2508 -0.0016  0.1284 -0.2508 -0.0016
  170   O   Ox2  170 -0.0995 -0.3936 -0.0135 -0.0995 -0.3936 -0.0135
  171   O   Ox1  171  0.0239 -0.1767  0.1764  0.0239 -0.1767  0.1764
  171   O   Ox2  171  0.0029 -0.2856 -0.0875  0.0029 -0.2856 -0.0875
  172   O   Ox1  172 -0.0239 -0.2407 -0.3182 -0.0239 -0.2407 -0.3182
  172   O   Ox2  172  0.2879 -0.4609 -0.0095  0.2879 -0.4609 -0.0095
  173   O   Ox1  173  0.2458  0.3489  0.2312  0.2458  0.3489  0.2312
  173   O   Ox2  173  0.0273  0.3262  0.0714  0.0273  0.3262  0.0714
  174   O   Ox1  174  0.1264 -0.2063 -0.2459  0.1264 -0.2063 -0.2459
  174   O   Ox2  174  0.0086  0.0379 -0.0922  0.0086  0.0379 -0.0922
  175   O   Ox1  175  0.0122  0.3175 -0.2079  0.0122  0.3175 -0.2079
  175   O   Ox2  175  0.1284  0.2883 -0.1741  0.1284  0.2883 -0.1741
  176   O   Ox1  176  0.1714 -0.0430 -0.1065  0.1714 -0.0430 -0.1065
  176   O   Ox2  176  0.3172 -0.1040 -0.0726  0.3172 -0.1040 -0.0726
  177   O   Ox1  177  0.1406 -0.1908  0.0555  0.1406 -0.1908  0.0555
  177   O   Ox2  177  0.4127 -0.0956 -0.3445  0.4127 -0.0956 -0.3445
  178   O   Ox1  178  0.3482 -0.2328  0.0142  0.3482 -0.2328  0.0142
  178   O   Ox2  178 -0.1358 -0.2382 -0.2825 -0.1358 -0.2382 -0.2825
  179   O   Ox1  179  0.3513 -0.1602 -0.0180  0.3513 -0.1602 -0.0180
  179   O   Ox2  179  0.1481 -0.1589  0.2601  0.1481 -0.1589  0.2601
  180   O   Ox1  180 -0.0755  0.0093  0.0095 -0.0755  0.0093  0.0095
  180   O   Ox2  180 -0.0137  0.0960 -0.0759 -0.0137  0.0960 -0.0759
  181   O   Ox1  181 -0.2791  0.0538 -0.1237 -0.2791  0.0538 -0.1237
  181   O   Ox2  181 -0.0895 -0.0662 -0.0134 -0.0895 -0.0662 -0.0134
  182   O   Ox1  182 -0.0225 -0.0184  0.0412 -0.0225 -0.0184  0.0412
  182   O   Ox2  182 -0.0027 -0.0233  0.0762 -0.0027 -0.0233  0.0762
  183   O   Ox1  183  0.0692  0.0617 -0.1160  0.0692  0.0617 -0.1160
  183   O   Ox2  183 -0.1505  0.0909 -0.2809 -0.1505  0.0909 -0.2809
  184   O   Ox1  184 -0.3900 -0.0571 -0.1650 -0.3900 -0.0571 -0.1650
  184   O   Ox2  184 -0.0241 -0.0630 -0.2128 -0.0241 -0.0630 -0.2128
  185   O   Ox1  185 -0.1563  0.1234  0.1443 -0.1563  0.1234  0.1443
  185   O   Ox2  185  0.1503 -0.1514 -0.2699  0.1503 -0.1514 -0.2699
  186   O   Ox1  186 -0.1727 -0.0662  0.2476 -0.1727 -0.0662  0.2476
  186   O   Ox2  186 -0.0425  0.1999  0.1568 -0.0425  0.1999  0.1568
  187   O   Ox1  187  0.0375 -0.0908 -0.1930  0.0375 -0.0908 -0.1930
  187   O   Ox2  187 -0.2354  0.0366 -0.1388 -0.2354  0.0366 -0.1388
  188   O   Ox1  188 -0.2191  0.1506  0.0991 -0.2191  0.1506  0.0991
  188   O   Ox2  188  0.1234 -0.0910 -0.0713  0.1234 -0.0910 -0.0713
  189   O   Ox1  189  0.1738  0.0670  0.0445  0.1738  0.0670  0.0445
  189   O   Ox2  189  0.0279  0.1679 -0.1441  0.0279  0.1679 -0.1441
  190   O   Ox1  190  0.1665  0.1248 -0.1406  0.1665  0.1248 -0.1406
  190   O   Ox2  190  0.0727  0.1281 -0.0344  0.0727  0.1281 -0.0344
  191   O   Ox1  191 -0.2110  0.0855  0.0272 -0.2110  0.0855  0.0272
  191   O   Ox2  191 -0.0134 -0.1045 -0.0380 -0.0134 -0.1045 -0.0380
  192   O   Ox1  192 -0.0808  0.1048 -0.0845 -0.0808  0.1048 -0.0845
  192   O   Ox2  192 -0.0814  0.0183  0.0626 -0.0814  0.0183  0.0626
  193   O   Ox1  193 -0.1075  0.4081  0.0439 -0.1075  0.4081  0.0439
  193   O   Ox2  193 -0.1230  0.3742  0.0164 -0.1230  0.3742  0.0164
  194   O   Ox1  194 -0.1405  0.1162 -0.0733 -0.1405  0.1162 -0.0733
  194   O   Ox2  194 -0.2631  0.2003 -0.1277 -0.2631  0.2003 -0.1277
  195   O   Ox1  195  0.2802  0.1128 -0.1748  0.2802  0.1128 -0.1748
  195   O   Ox2  195 -0.0463 -0.0484 -0.0121 -0.0463 -0.0484 -0.0121
  196   O   Ox1  196 -0.3213  0.1531  0.0912 -0.3213  0.1531  0.0912
  196   O   Ox2  196 -0.2251  0.0601 -0.0159 -0.2251  0.0601 -0.0159
  197   O   Ox1  197  0.1318 -0.1184 -0.1485  0.1318 -0.1184 -0.1485
  197   O   Ox2  197  0.1434  0.0357 -0.2536  0.1434  0.0357 -0.2536
  198   O   Ox1  198  0.1047 -0.2585 -0.0591  0.1047 -0.2585 -0.0591
  198   O   Ox2  198 -0.2242  0.1165 -0.1526 -0.2242  0.1165 -0.1526
  199   O   Ox1  199 -0.2137  0.0684  0.3892 -0.2137  0.0684  0.3892
  199   O   Ox2  199 -0.1360  0.1614 -0.1360 -0.1360  0.1614 -0.1360
  200   O   Ox1  200  0.2871 -0.0836 -0.0214  0.2871 -0.0836 -0.0214
  200   O   Ox2  200  0.2803 -0.3091  0.0659  0.2803 -0.3091  0.0659
  201   O   Ox1  201 -0.0987 -0.1349  0.1554 -0.0987 -0.1349  0.1554
  201   O   Ox2  201 -0.0035  0.0239  0.1036 -0.0035  0.0239  0.1036
  202   O   Ox1  202 -0.0949 -0.0089 -0.2940 -0.0949 -0.0089 -0.2940
  202   O   Ox2  202  0.1051 -0.1453 -0.0085  0.1051 -0.1453 -0.0085
  203   O   Ox1  203 -0.0010 -0.0184  0.1867 -0.0010 -0.0184  0.1867
  203   O   Ox2  203 -0.0856 -0.0576  0.0267 -0.0856 -0.0576  0.0267
  204   O   Ox1  204 -0.1750 -0.0125  0.1638 -0.1750 -0.0125  0.1638
  204   O   Ox2  204  0.2040  0.0154  0.0935  0.2040  0.0154  0.0935
  205   O   Ox1  205  0.0404 -0.1109 -0.2981  0.0404 -0.1109 -0.2981
  205   O   Ox2  205  0.0538  0.1664 -0.2303  0.0538  0.1664 -0.2303
  206   O   Ox1  206 -0.1240 -0.0213 -0.3179 -0.1240 -0.0213 -0.3179
  206   O   Ox2  206  0.0884 -0.0138 -0.1464  0.0884 -0.0138 -0.1464
  207   O   Ox1  207 -0.0321  0.0542  0.0103 -0.0321  0.0542  0.0103
  207   O   Ox2  207 -0.2750  0.2918  0.0780 -0.2750  0.2918  0.0780
  208   O   Ox1  208 -0.2506 -0.2474  0.0023 -0.2506 -0.2474  0.0023
  208   O   Ox2  208 -0.1854 -0.1504  0.1663 -0.1854 -0.1504  0.1663
  209   O   Ox1  209 -0.3964  0.0924  0.0511 -0.3964  0.0924  0.0511
  209   O   Ox2  209 -0.2322  0.0266 -0.0812 -0.2322  0.0266 -0.0812
  210   O   Ox1  210 -0.1793  0.1304 -0.1298 -0.1793  0.1304 -0.1298
  210   O   Ox2  210 -0.1589 -0.1700  0.2372 -0.1589 -0.1700  0.2372
  211   O   Ox1  211  0.0190  0.0828 -0.3526  0.0190  0.0828 -0.3526
  211   O   Ox2  211 -0.2386  0.1262 -0.2365 -0.2386  0.1262 -0.2365
  212   O   Ox1  212 -0.0593  0.0571  0.3050 -0.0593  0.0571  0.3050
  212   O   Ox2  212  0.0085  0.1537 -0.0913  0.0085  0.1537 -0.0913
  213   O   Ox1  213 -0.2739 -0.1122 -0.1433 -0.2739 -0.1122 -0.1433
  213   O   Ox2  213 -0.0546 -0.1425  0.1223 -0.0546 -0.1425  0.1223
  214   O   Ox1  214 -0.3881 -0.0122 -0.4122 -0.3881 -0.0122 -0.4122
  214   O   Ox2  214  0.0319  0.1038 -0.2810  0.0319  0.1038 -0.2810
  215   O   Ox1  215 -0.1310  0.2275  0.0149 -0.1310  0.2275  0.0149
  215   O   Ox2  215 -0.0680 -0.1476  0.2479 -0.0680 -0.1476  0.2479
  216   O   Ox1  216 -0.2931  0.0858 -0.2166 -0.2931  0.0858 -0.2166
  216   O   Ox2  216 -0.2137 -0.0291  0.0512 -0.2137 -0.0291  0.0512
  217   O   Ox1  217  0.2337 -0.3694 -0.2105  0.2337 -0.3694 -0.2105
  217   O   Ox2  217  0.1854 -0.2087 -0.3127  0.1854 -0.2087 -0.3127
  218   O   Ox1  218 -0.3767 -0.1555  0.3168 -0.3767 -0.1555  0.3168
  218   O   Ox2  218 -0.0211 -0.3963  0.0118 -0.0211 -0.3963  0.0118
  219   O   Ox1  219  0.0134  0.3850  0.0610  0.0134  0.3850  0.0610
  219   O   Ox2  219 -0.0906  0.0710  0.1037 -0.0906  0.0710  0.1037
  220   O   Ox1  220 -0.0303  0.3225  0.1306 -0.0303  0.3225  0.1306
  220   O   Ox2  220  0.3090  0.1774  0.4210  0.3090  0.1774  0.4210
  221   O   Ox1  221 -0.2663 -0.0893  0.0046 -0.2663 -0.0893  0.0046
  221   O   Ox2  221  0.3610  0.1649 -0.0697  0.3610  0.1649 -0.0697
  222   O   Ox1  222  0.2288  0.2256 -0.2170  0.2288  0.2256 -0.2170
  222   O   Ox2  222  0.0688  0.1654 -0.1100  0.0688  0.1654 -0.1100
  223   O   Ox1  223  0.0313  0.0474  0.0792  0.0313  0.0474  0.0792
  223   O   Ox2  223 -0.2898 -0.0111 -0.3561 -0.2898 -0.0111 -0.3561
  224   O   Ox1  224  0.1086  0.1928  0.0889  0.1086  0.1928  0.0889
  224   O   Ox2  224 -0.1743 -0.1468  0.0355 -0.1743 -0.1468  0.0355
  225   O   Ox1  225 -0.2008  0.1189 -0.0649 -0.2008  0.1189 -0.0649
  225   O   Ox2  225  0.0768 -0.1543 -0.0160  0.0768 -0.1543 -0.0160
  226   O   Ox1  226  0.1344  0.0021  0.0037  0.1344  0.0021  0.0037
  226   O   Ox2  226 -0.0878  0.1271 -0.0516 -0.0878  0.1271 -0.0516
  227   O   Ox1  227  0.0792  0.2917 -0.2604  0.0792  0.2917 -0.2604
  227   O   Ox2  227  0.0051  0.0178 -0.3784  0.0051  0.0178 -0.3784
  228   O   Ox1  228 -0.2657  0.0842  0.0681 -0.2657  0.0842  0.0681
  228   O   Ox2  228  0.2977 -0.1061 -0.0191  0.2977 -0.1061 -0.0191
  229   O   Ox1  229  0.0040  0.0239 -0.0303  0.0040  0.0239 -0.0303
  229   O   Ox2  229 -0.0152  0.1441  0.1301 -0.0152  0.1441  0.1301
  230   O   Ox1  230 -0.1540  0.3124 -0.2471 -0.1540  0.3124 -0.2471
  230   O   Ox2  230 -0.0463  0.1085 -0.2088 -0.0463  0.1085 -0.2088
  231   O   Ox1  231  0.1791 -0.3208 -0.1999  0.1791 -0.3208 -0.1999
  231   O   Ox2  231  0.0326  0.1362 -0.1856  0.0326  0.1362 -0.1856
  232   O   Ox1  232 -0.1401 -0.3048 -0.1488 -0.1401 -0.3048 -0.1488
  232   O   Ox2  232 -0.0651 -0.2017  0.1421 -0.0651 -0.2017  0.1421
  233   O   Ox1  233 -0.0702  0.2548  0.0071 -0.0702  0.2548  0.0071
  233   O   Ox2  233 -0.3667 -0.1638  0.1635 -0.3667 -0.1638  0.1635
  234   O   Ox1  234 -0.0904 -0.0353  0.0715 -0.0904 -0.0353  0.0715
  234   O   Ox2  234 -0.0693 -0.0391  0.0501 -0.0693 -0.0391  0.0501
  235   O   Ox1  235 -0.0777  0.0609 -0.1766 -0.0777  0.0609 -0.1766
  235   O   Ox2  235 -0.0218  0.0978 -0.2353 -0.0218  0.0978 -0.2353
  236   O   Ox1  236  0.1553 -0.0978 -0.0194  0.1553 -0.0978 -0.0194
  236   O   Ox2  236 -0.0209 -0.1804 -0.1266 -0.0209 -0.1804 -0.1266
  237   O   Ox1  237  0.0811 -0.0653 -0.1254  0.0811 -0.0653 -0.1254
  237   O   Ox2  237 -0.0559  0.1623  0.0309 -0.0559  0.1623  0.0309
  238   O   Ox1  238  0.0519  0.3751  0.6461  0.0519  0.3751  0.6461
  238   O   Ox2  238  0.1787  0.0314  0.0646  0.1787  0.0314  0.0646
  239   O   Ox1  239 -0.3624  0.1894 -0.1684 -0.3624  0.1894 -0.1684
  239   O   Ox2  239 -0.1535 -0.0006 -0.2224 -0.1535 -0.0006 -0.2224
  240   O   Ox1  240 -0.1826  0.0496 -0.0191 -0.1826  0.0496 -0.0191
  240   O   Ox2  240 -0.1038 -0.1476 -0.1664 -0.1038 -0.1476 -0.1664
  241   O   Ox1  241 -0.2661  0.1012 -0.0636 -0.2661  0.1012 -0.0636
  241   O   Ox2  241 -0.4404 -0.0984 -0.1085 -0.4404 -0.0984 -0.1085
  242   O   Ox1  242  0.2376  0.2787  0.0431  0.2376  0.2787  0.0431
  242   O   Ox2  242  0.0686  0.1870 -0.1504  0.0686  0.1870 -0.1504
  243   O   Ox1  243 -0.0574 -0.0746  0.2051 -0.0574 -0.0746  0.2051
  243   O   Ox2  243 -0.0935  0.1073 -0.2245 -0.0935  0.1073 -0.2245
  244   O   Ox1  244  0.1057  0.0144 -0.0969  0.1057  0.0144 -0.0969
  244   O   Ox2  244  0.1039  0.0389 -0.2373  0.1039  0.0389 -0.2373
  245   O   Ox1  245  0.1431 -0.0425 -0.1724  0.1431 -0.0425 -0.1724
  245   O   Ox2  245  0.1324 -0.1151 -0.3318  0.1324 -0.1151 -0.3318
  246   O   Ox1  246 -0.1215 -0.0125  0.0725 -0.1215 -0.0125  0.0725
  246   O   Ox2  246 -0.1571  0.0904 -0.0836 -0.1571  0.0904 -0.0836
  247   O   Ox1  247 -0.0326  0.2663  0.0800 -0.0326  0.2663  0.0800
  247   O   Ox2  247  0.0801  0.4400  0.1199  0.0801  0.4400  0.1199
  248   O   Ox1  248 -0.0124  0.1723 -0.0428 -0.0124  0.1723 -0.0428
  248   O   Ox2  248  0.0202  0.1228 -0.3955  0.0202  0.1228 -0.3955
  249   O   Ox1  249  0.0722  0.0795  0.3864  0.0722  0.0795  0.3864
  249   O   Ox2  249  0.2006 -0.0194 -0.2098  0.2006 -0.0194 -0.2098
  250   O   Ox1  250 -0.0653  0.0045 -0.0182 -0.0653  0.0045 -0.0182
  250   O   Ox2  250 -0.0909  0.2145 -0.0694 -0.0909  0.2145 -0.0694
  251   O   Ox1  251  0.0274  0.0363 -0.2835  0.0274  0.0363 -0.2835
  251   O   Ox2  251 -0.4022  0.1121 -0.1404 -0.4022  0.1121 -0.1404
  252   O   Ox1  252  0.1451 -0.4669 -0.0420  0.1451 -0.4669 -0.0420
  252   O   Ox2  252  0.0471 -0.0787 -0.1161  0.0471 -0.0787 -0.1161
  253   O   Ox1  253  0.1035  0.3234 -0.0887  0.1035  0.3234 -0.0887
  253   O   Ox2  253  0.2750 -0.1752 -0.1792  0.2750 -0.1752 -0.1792
  254   O   Ox1  254  0.0175 -0.0184  0.0370  0.0175 -0.0184  0.0370
  254   O   Ox2  254  0.1086  0.0756  0.0580  0.1086  0.0756  0.0580
  255   O   Ox1  255  0.2469  0.0731  0.1828  0.2469  0.0731  0.1828
  255   O   Ox2  255 -0.0507 -0.2116  0.2279 -0.0507 -0.2116  0.2279
  256   O   Ox1  256  0.2352  0.0755  0.2292  0.2352  0.0755  0.2292
  256   O   Ox2  256 -0.0324 -0.0981  0.1579 -0.0324 -0.0981  0.1579
  257   O   Ox1  257  0.0391 -0.0487  0.3743  0.0391 -0.0487  0.3743
  257   O   Ox2  257  0.0417  0.0395  0.2217  0.0417  0.0395  0.2217
  258   O   Ox1  258  0.0036 -0.1695  0.0057  0.0036 -0.1695  0.0057
  258   O   Ox2  258  0.2073  0.0126  0.2590  0.2073  0.0126  0.2590
  259   O   Ox1  259 -0.0178 -0.0160  0.2930 -0.0178 -0.0160  0.2930
  259   O   Ox2  259  0.0626  0.1561  0.0202  0.0626  0.1561  0.0202
  260   O   Ox1  260 -0.0682 -0.4451 -0.2088 -0.0682 -0.4451 -0.2088
  260   O   Ox2  260  0.0364  0.1341 -0.1686  0.0364  0.1341 -0.1686
  261   O   Ox1  261  0.0475 -0.1299  0.0419  0.0475 -0.1299  0.0419
  261   O   Ox2  261  0.0448 -0.2760  0.2506  0.0448 -0.2760  0.2506
  262   O   Ox1  262 -0.0491 -0.0439  0.0108 -0.0491 -0.0439  0.0108
  262   O   Ox2  262  0.1405 -0.4185  0.0627  0.1405 -0.4185  0.0627
  263   O   Ox1  263  0.2080 -0.4948 -0.2126  0.2080 -0.4948 -0.2126
  263   O   Ox2  263  0.0221 -0.0004 -0.2051  0.0221 -0.0004 -0.2051
  264   O   Ox1  264  0.1328 -0.2225 -0.2324  0.1328 -0.2225 -0.2324
  264   O   Ox2  264  0.0850 -0.1546 -0.2124  0.0850 -0.1546 -0.2124
  265   O   Ox1  265  0.0560  0.1000  0.2114  0.0560  0.1000  0.2114
  265   O   Ox2  265 -0.0373  0.0278 -0.0198 -0.0373  0.0278 -0.0198
  266   O   Ox1  266  0.1998 -0.1835 -0.0497  0.1998 -0.1835 -0.0497
  266   O   Ox2  266  0.0174 -0.0157  0.3249  0.0174 -0.0157  0.3249
  267   O   Ox1  267  0.0655  0.1230  0.4637  0.0655  0.1230  0.4637
  267   O   Ox2  267  0.1892 -0.1550  0.1038  0.1892 -0.1550  0.1038
  268   O   Ox1  268 -0.1257  0.1512  0.2438 -0.1257  0.1512  0.2438
  268   O   Ox2  268  0.5552  0.1714 -0.0044  0.5552  0.1714 -0.0044
  269   O   Ox1  269 -0.1859  0.1180 -0.0778 -0.1859  0.1180 -0.0778
  269   O   Ox2  269 -0.2027  0.1045 -0.0638 -0.2027  0.1045 -0.0638
  270   O   Ox1  270  0.0159  0.0077  0.1675  0.0159  0.0077  0.1675
  270   O   Ox2  270  0.0397  0.1364  0.3484  0.0397  0.1364  0.3484
  271   O   Ox1  271 -0.2954 -0.1113  0.1560 -0.2954 -0.1113  0.1560
  271   O   Ox2  271  0.1696  0.2364  0.1424  0.1696  0.2364  0.1424
  272   O   Ox1  272  0.1184 -0.0436  0.0176  0.1184 -0.0436  0.0176
  272   O   Ox2  272  0.0039  0.3530 -0.1803  0.0039  0.3530 -0.1803
  273   O   Ox1  273 -0.0999 -0.2185  0.0129 -0.0999 -0.2185  0.0129
  273   O   Ox2  273 -0.0701  0.2014 -0.0368 -0.0701  0.2014 -0.0368
  274   O   Ox1  274  0.1481 -0.0323 -0.0146  0.1481 -0.0323 -0.0146
  274   O   Ox2  274  0.1641 -0.0554 -0.0299  0.1641 -0.0554 -0.0299
  275   O   Ox1  275  0.2371  0.1021  0.2011  0.2371  0.1021  0.2011
  275   O   Ox2  275  0.2774  0.0799  0.2658  0.2774  0.0799  0.2658
  276   O   Ox1  276 -0.4485  0.1205  0.0736 -0.4485  0.1205  0.0736
  276   O   Ox2  276 -0.1271  0.1173 -0.0208 -0.1271  0.1173 -0.0208
  277   O   Ox1  277  0.1616 -0.2117 -0.0026  0.1616 -0.2117 -0.0026
  277   O   Ox2  277 -0.0020 -0.1582 -0.0077 -0.0020 -0.1582 -0.0077
  278   O   Ox1  278 -0.0108 -0.0324 -0.0664 -0.0108 -0.0324 -0.0664
  278   O   Ox2  278 -0.0892 -0.1443  0.1283 -0.0892 -0.1443  0.1283
  279   O   Ox1  279 -0.0148 -0.0943  0.0334 -0.0148 -0.0943  0.0334
  279   O   Ox2  279  0.2115  0.3510  0.1106  0.2115  0.3510  0.1106
  280   O   Ox1  280  0.1286 -0.0390  0.2772  0.1286 -0.0390  0.2772
  280   O   Ox2  280  0.0119 -0.0863  0.2672  0.0119 -0.0863  0.2672
  281   O   Ox1  281  0.0024  0.3167  0.1082  0.0024  0.3167  0.1082
  281   O   Ox2  281 -0.0109  0.1432  0.2018 -0.0109  0.1432  0.2018
  282   O   Ox1  282 -0.2008  0.0103  0.3017 -0.2008  0.0103  0.3017
  282   O   Ox2  282 -0.1648  0.0210  0.3243 -0.1648  0.0210  0.3243
  283   O   Ox1  283 -0.0232  0.0425 -0.1808 -0.0232  0.0425 -0.1808
  283   O   Ox2  283 -0.3083  0.0621 -0.1647 -0.3083  0.0621 -0.1647
  284   O   Ox1  284  0.0850 -0.1733 -0.1795  0.0850 -0.1733 -0.1795
  284   O   Ox2  284 -0.3166 -0.1367  0.2729 -0.3166 -0.1367  0.2729
  285   O   Ox1  285 -0.3443 -0.1699 -0.1524 -0.3443 -0.1699 -0.1524
  285   O   Ox2  285 -0.4085 -0.2953 -0.1791 -0.4085 -0.2953 -0.1791
  286   O   Ox1  286 -0.2525 -0.1200 -0.0655 -0.2525 -0.1200 -0.0655
  286   O   Ox2  286 -0.1946  0.0914  0.0003 -0.1946  0.0914  0.0003
  287   O   Ox1  287  0.0543  0.0085 -0.1180  0.0543  0.0085 -0.1180
  287   O   Ox2  287  0.3328 -0.0974  0.0662  0.3328 -0.0974  0.0662
  288   O   Ox1  288  0.0477 -0.0870  0.1662  0.0477 -0.0870  0.1662
  288   O   Ox2  288  0.0065 -0.1747  0.0938  0.0065 -0.1747  0.0938
  289   O   Ox1  289 -0.1037 -0.1555 -0.0948 -0.1037 -0.1555 -0.0948
  289   O   Ox2  289 -0.0361  0.0316  0.1567 -0.0361  0.0316  0.1567
  290   O   Ox1  290  0.1049  0.0508 -0.2703  0.1049  0.0508 -0.2703
  290   O   Ox2  290 -0.1185 -0.0445 -0.1428 -0.1185 -0.0445 -0.1428
  291   O   Ox1  291 -0.1292  0.1810 -0.2834 -0.1292  0.1810 -0.2834
  291   O   Ox2  291  0.3509 -0.1904  0.0771  0.3509 -0.1904  0.0771
  292   O   Ox1  292  0.1520  0.1868  0.1044  0.1520  0.1868  0.1044
  292   O   Ox2  292  0.2902  0.1556  0.2315  0.2902  0.1556  0.2315
  293   O   Ox1  293  0.0296  0.0074  0.0755  0.0296  0.0074  0.0755
  293   O   Ox2  293  0.1395  0.0840  0.4579  0.1395  0.0840  0.4579
  294   O   Ox1  294  0.0315 -0.1458 -0.0279  0.0315 -0.1458 -0.0279
  294   O   Ox2  294  0.3913  0.0816 -0.1231  0.3913  0.0816 -0.1231
  295   O   Ox1  295 -0.2342  0.0712 -0.2707 -0.2342  0.0712 -0.2707
  295   O   Ox2  295 -0.1278  0.0590 -0.1577 -0.1278  0.0590 -0.1577
  296   O   Ox1  296 -0.2866 -0.1103  0.0268 -0.2866 -0.1103  0.0268
  296   O   Ox2  296 -0.0993  0.1208 -0.0674 -0.0993  0.1208 -0.0674
  297   O   Ox1  297  0.1519  0.3952 -0.1247  0.1519  0.3952 -0.1247
  297   O   Ox2  297 -0.0521 -0.0236  0.0082 -0.0521 -0.0236  0.0082
  298   O   Ox1  298  0.3400 -0.3305 -0.0016  0.3400 -0.3305 -0.0016
  298   O   Ox2  298  0.1840 -0.1060  0.0835  0.1840 -0.1060  0.0835
  299   O   Ox1  299 -0.1075 -0.0822 -0.2368 -0.1075 -0.0822 -0.2368
  299   O   Ox2  299 -0.0253 -0.0757  0.0599 -0.0253 -0.0757  0.0599
  300   O   Ox1  300 -0.2645 -0.2266 -0.1457 -0.2645 -0.2266 -0.1457
  300   O   Ox2  300 -0.2300  0.1554  0.1879 -0.2300  0.1554  0.1879
  301   O   Ox1  301  0.0574 -0.1196  0.1021  0.0574 -0.1196  0.1021
  301   O   Ox2  301  0.1104 -0.0981  0.1637  0.1104 -0.0981  0.1637
  302   O   Ox1  302 -0.2153 -0.3138  0.0017 -0.2153 -0.3138  0.0017
  302   O   Ox2  302  0.2005  0.1656  0.2522  0.2005  0.1656  0.2522
  303   O   Ox1  303 -0.1447 -0.0789  0.1769 -0.1447 -0.0789  0.1769
  303   O   Ox2  303 -0.1398  0.2215 -0.1852 -0.1398  0.2215 -0.1852
  304   O   Ox1  304  0.1128  0.0471 -0.2272  0.1128  0.0471 -0.2272
  304   O   Ox2  304  0.0479  0.4255  0.0381  0.0479  0.4255  0.0381
  305   O   Ox1  305  0.0289  0.0483 -0.0165  0.0289  0.0483 -0.0165
  305   O   Ox2  305  0.0562 -0.1092  0.0262  0.0562 -0.1092  0.0262
  306   O   Ox1  306  0.1744 -0.1267 -0.0585  0.1744 -0.1267 -0.0585
  306   O   Ox2  306  0.0981 -0.3123  0.0241  0.0981 -0.3123  0.0241
  307   O   Ox1  307  0.1657 -0.1401 -0.0173  0.1657 -0.1401 -0.0173
  307   O   Ox2  307  0.0467 -0.2227 -0.0590  0.0467 -0.2227 -0.0590
  308   O   Ox1  308  0.1724 -0.1783  0.0873  0.1724 -0.1783  0.0873
  308   O   Ox2  308  0.1334 -0.1718  0.0852  0.1334 -0.1718  0.0852
  309   O   Ox1  309 -0.1799  0.0108  0.0951 -0.1799  0.0108  0.0951
  309   O   Ox2  309  0.1125  0.2476  0.2862  0.1125  0.2476  0.2862
  310   O   Ox1  310  0.4092  0.3089 -0.0851  0.4092  0.3089 -0.0851
  310   O   Ox2  310  0.1110  0.4848 -0.0372  0.1110  0.4848 -0.0372
  311   O   Ox1  311 -0.0233  0.4484 -0.1903 -0.0233  0.4484 -0.1903
  311   O   Ox2  311 -0.0715 -0.0477 -0.1039 -0.0715 -0.0477 -0.1039
  312   O   Ox1  312 -0.2214 -0.3392  0.1243 -0.2214 -0.3392  0.1243
  312   O   Ox2  312 -0.2835  0.1802 -0.1901 -0.2835  0.1802 -0.1901
  313   O   Ox1  313  0.0421  0.1807 -0.0233  0.0421  0.1807 -0.0233
  313   O   Ox2  313 -0.4081 -0.0304  0.0078 -0.4081 -0.0304  0.0078
  314   O   Ox1  314  0.2542  0.0046 -0.2874  0.2542  0.0046 -0.2874
  314   O   Ox2  314  0.2498  0.0953 -0.0281  0.2498  0.0953 -0.0281
  315   O   Ox1  315  0.2277 -0.0168  0.1705  0.2277 -0.0168  0.1705
  315   O   Ox2  315  0.0309 -0.0105  0.1263  0.0309 -0.0105  0.1263
  316   O   Ox1  316  0.0164  0.1282 -0.1247  0.0164  0.1282 -0.1247
  316   O   Ox2  316  0.0175  0.1395 -0.1482  0.0175  0.1395 -0.1482
  317   O   Ox1  317 -0.0860 -0.0647  0.1204 -0.0860 -0.0647  0.1204
  317   O   Ox2  317  0.1762  0.2029  0.0657  0.1762  0.2029  0.0657
  318   O   Ox1  318 -0.3865  0.0993  0.0368 -0.3865  0.0993  0.0368
  318   O   Ox2  318 -0.1406 -0.2973 -0.1401 -0.1406 -0.2973 -0.1401
  319   O   Ox1  319 -0.0259  0.1632  0.0701 -0.0259  0.1632  0.0701
  319   O   Ox2  319  0.1285  0.2395  0.0603  0.1285  0.2395  0.0603
  320   O   Ox1  320 -0.1636  0.2288  0.2013 -0.1636  0.2288  0.2013
  320   O   Ox2  320  0.3263  0.0478 -0.0403  0.3263  0.0478 -0.0403
  321   O   Ox1  321  0.1601 -0.0949 -0.2106  0.1601 -0.0949 -0.2106
  321   O   Ox2  321  0.1686 -0.0173 -0.3050  0.1686 -0.0173 -0.3050
  322   O   Ox1  322  0.0482 -0.2185 -0.1665  0.0482 -0.2185 -0.1665
  322   O   Ox2  322  0.1648  0.0184  0.0178  0.1648  0.0184  0.0178
  323   O   Ox1  323  0.0290 -0.2451 -0.1535  0.0290 -0.2451 -0.1535
  323   O   Ox2  323  0.0452 -0.2701 -0.1774  0.0452 -0.2701 -0.1774
  324   O   Ox1  324 -0.3369  0.0901  0.0347 -0.3369  0.0901  0.0347
  324   O   Ox2  324 -0.0937 -0.3028 -0.0123 -0.0937 -0.3028 -0.0123
  325   O   Ox1  325 -0.2962  0.2694 -0.0237 -0.2962  0.2694 -0.0237
  325   O   Ox2  325 -0.2858 -0.0182 -0.2382 -0.2858 -0.0182 -0.2382
  326   O   Ox1  326 -0.2393 -0.1791  0.0072 -0.2393 -0.1791  0.0072
  326   O   Ox2  326  0.1398 -0.0674 -0.2898  0.1398 -0.0674 -0.2898
  327   O   Ox1  327 -0.0511 -0.1917 -0.1513 -0.0511 -0.1917 -0.1513
  327   O   Ox2  327 -0.2194 -0.2644  0.1075 -0.2194 -0.2644  0.1075
  328   O   Ox1  328  0.0753  0.0489 -0.0851  0.0753  0.0489 -0.0851
  328   O   Ox2  328 -0.0713  0.0501 -0.1426 -0.0713  0.0501 -0.1426
  329   O   Ox1  329  0.1405  0.2955 -0.2079  0.1405  0.2955 -0.2079
  329   O   Ox2  329  0.0769  0.3947 -0.1612  0.0769  0.3947 -0.1612
  330   O   Ox1  330  0.1201  0.1414 -0.2697  0.1201  0.1414 -0.2697
  330   O   Ox2  330 -0.0290  0.0432 -0.0892 -0.0290  0.0432 -0.0892
  331   O   Ox1  331  0.2797  0.3893  0.1428  0.2797  0.3893  0.1428
  331   O   Ox2  331  0.3234  0.4481  0.1694  0.3234  0.4481  0.1694
  332   O   Ox1  332  0.2102  0.4665 -0.3180  0.2102  0.4665 -0.3180
  332   O   Ox2  332  0.0695  0.0522  0.2641  0.0695  0.0522  0.2641
  333   O   Ox1  333  0.0053  0.0023 -0.0239  0.0053  0.0023 -0.0239
  333   O   Ox2  333 -0.2030  0.1975  0.1269 -0.2030  0.1975  0.1269
  334   O   Ox1  334 -0.2855  0.1736  0.2167 -0.2855  0.1736  0.2167
  334   O   Ox2  334 -0.0000 -0.0165  0.0752 -0.0000 -0.0165  0.0752
  335   O   Ox1  335 -0.1673  0.2507  0.2252 -0.1673  0.2507  0.2252
  335   O   Ox2  335 -0.2390  0.0288  0.0042 -0.2390  0.0288  0.0042
  336   O   Ox1  336  0.1151 -0.2815  0.0320  0.1151 -0.2815  0.0320
  336   O   Ox2  336 -0.0195 -0.2211  0.2553 -0.0195 -0.2211  0.2553
  337   O   Ox1  337 -0.1038 -0.0974 -0.3040 -0.1038 -0.0974 -0.3040
  337   O   Ox2  337  0.1968 -0.1489  0.1716  0.1968 -0.1489  0.1716
  338   O   Ox1  338 -0.2394  0.0261 -0.0109 -0.2394  0.0261 -0.0109
  338   O   Ox2  338  0.1232 -0.0044  0.4307  0.1232 -0.0044  0.4307
  339   O   Ox1  339  0.1299 -0.1940  0.0760  0.1299 -0.1940  0.0760
  339   O   Ox2  339 -0.4573 -0.1790 -0.0804 -0.4573 -0.1790 -0.0804
  340   O   Ox1  340  0.0158  0.0113 -0.0320  0.0158  0.0113 -0.0320
  340   O   Ox2  340  0.0151  0.0361  0.0181  0.0151  0.0361  0.0181
  341   O   Ox1  341 -0.1018 -0.1981 -0.0273 -0.1018 -0.1981 -0.0273
  341   O   Ox2  341  0.1150  0.1148 -0.1675  0.1150  0.1148 -0.1675
  342   O   Ox1  342 -0.0972 -0.1314 -0.1632 -0.0972 -0.1314 -0.1632
  342   O   Ox2  342  0.0196 -0.3314 -0.3535  0.0196 -0.3314 -0.3535
  343   O   Ox1  343 -0.0324  0.1527  0.0645 -0.0324  0.1527  0.0645
  343   O   Ox2  343 -0.2529  0.0770  0.0100 -0.2529  0.0770  0.0100
  344   O   Ox1  344 -0.1593  0.2520 -0.3077 -0.1593  0.2520 -0.3077
  344   O   Ox2  344 -0.1999  0.0864 -0.2645 -0.1999  0.0864 -0.2645
  345   O   Ox1  345  0.0610  0.3151 -0.0633  0.0610  0.3151 -0.0633
  345   O   Ox2  345 -0.1010  0.0855  0.1419 -0.1010  0.0855  0.1419
  346   O   Ox1  346  0.1270  0.2793 -0.0905  0.1270  0.2793 -0.0905
  346   O   Ox2  346  0.0667  0.0248  0.0417  0.0667  0.0248  0.0417
  347   O   Ox1  347  0.2046  0.0837 -0.0242  0.2046  0.0837 -0.0242
  347   O   Ox2  347 -0.1024 -0.0051 -0.1958 -0.1024 -0.0051 -0.1958
  348   O   Ox1  348  0.1600  0.1496 -0.1168  0.1600  0.1496 -0.1168
  348   O   Ox2  348  0.1535  0.0819 -0.0920  0.1535  0.0819 -0.0920
  349   O   Ox1  349 -0.0025 -0.0227 -0.0743 -0.0025 -0.0227 -0.0743
  349   O   Ox2  349  0.0902  0.2208  0.2079  0.0902  0.2208  0.2079
  350   O   Ox1  350 -0.3325 -0.2229  0.2913 -0.3325 -0.2229  0.2913
  350   O   Ox2  350 -0.1520 -0.0060 -0.0917 -0.1520 -0.0060 -0.0917
  351   O   Ox1  351  0.5462  0.0190  0.1383  0.5462  0.0190  0.1383
  351   O   Ox2  351 -0.2374  0.0634  0.1071 -0.2374  0.0634  0.1071
  352   O   Ox1  352 -0.0288  0.0572  0.0832 -0.0288  0.0572  0.0832
  352   O   Ox2  352 -0.0125  0.1258  0.0550 -0.0125  0.1258  0.0550
  353   O   Ox1  353 -0.2728 -0.1058  0.1901 -0.2728 -0.1058  0.1901
  353   O   Ox2  353  0.1313  0.1854  0.0377  0.1313  0.1854  0.0377
  354   O   Ox1  354  0.1815  0.3558 -0.1112  0.1815  0.3558 -0.1112
  354   O   Ox2  354  0.0871  0.0508 -0.0439  0.0871  0.0508 -0.0439
  355   O   Ox1  355  0.0845 -0.1985 -0.0654  0.0845 -0.1985 -0.0654
  355   O   Ox2  355  0.1374 -0.2553 -0.0802  0.1374 -0.2553 -0.0802
  356   O   Ox1  356  0.0406 -0.2792  0.2640  0.0406 -0.2792  0.2640
  356   O   Ox2  356 -0.0065 -0.0145  0.2138 -0.0065 -0.0145  0.2138
  357   O   Ox1  357  0.0085 -0.0277 -0.0763  0.0085 -0.0277 -0.0763
  357   O   Ox2  357  0.2630  0.0294 -0.3152  0.2630  0.0294 -0.3152
  358   O   Ox1  358 -0.3346 -0.2310  0.0191 -0.3346 -0.2310  0.0191
  358   O   Ox2  358 -0.0527  0.1066  0.0237 -0.0527  0.1066  0.0237
  359   O   Ox1  359  0.1144  0.3459  0.0050  0.1144  0.3459  0.0050
  359   O   Ox2  359 -0.0817 -0.1163  0.0900 -0.0817 -0.1163  0.0900
  360   O   Ox1  360  0.1090  0.1104 -0.0521  0.1090  0.1104 -0.0521
  360   O   Ox2  360 -0.0923  0.1417 -0.0132 -0.0923  0.1417 -0.0132
  361   O   Ox1  361  0.2078 -0.1727 -0.0716  0.2078 -0.1727 -0.0716
  361   O   Ox2  361 -0.3399  0.0613  0.3303 -0.3399  0.0613  0.3303
  362   O   Ox1  362 -0.0790 -0.0946 -0.2459 -0.0790 -0.0946 -0.2459
  362   O   Ox2  362 -0.5199 -0.1365  0.1052 -0.5199 -0.1365  0.1052
  363   O   Ox1  363  0.1156  0.1193 -0.0066  0.1156  0.1193 -0.0066
  363   O   Ox2  363 -0.2506  0.0608 -0.0034 -0.2506  0.0608 -0.0034
  364   O   Ox1  364 -0.0778  0.0605 -0.0099 -0.0778  0.0605 -0.0099
  364   O   Ox2  364  0.1364  0.0149 -0.1770  0.1364  0.0149 -0.1770
  365   O   Ox1  365  0.2376  0.0492 -0.4632  0.2376  0.0492 -0.4632
  365   O   Ox2  365  0.0947 -0.0798 -0.3410  0.0947 -0.0798 -0.3410
  366   O   Ox1  366  0.1069 -0.1661  0.0667  0.1069 -0.1661  0.0667
  366   O   Ox2  366  0.0889 -0.0206 -0.2429  0.0889 -0.0206 -0.2429
  367   O   Ox1  367 -0.4038  0.1379 -0.1510 -0.4038  0.1379 -0.1510
  367   O   Ox2  367 -0.3861  0.1370  0.0167 -0.3861  0.1370  0.0167
  368   O   Ox1  368 -0.1105  0.2310  0.0228 -0.1105  0.2310  0.0228
  368   O   Ox2  368  0.1954 -0.0113  0.0167  0.1954 -0.0113  0.0167
  369   O   Ox1  369 -0.0064  0.2217  0.0707 -0.0064  0.2217  0.0707
  369   O   Ox2  369  0.0234 -0.1542 -0.0998  0.0234 -0.1542 -0.0998
  370   O   Ox1  370 -0.0580 -0.3029 -0.0719 -0.0580 -0.3029 -0.0719
  370   O   Ox2  370  0.2530 -0.0096 -0.0245  0.2530 -0.0096 -0.0245
  371   O   Ox1  371 -0.1031  0.0488  0.1896 -0.1031  0.0488  0.1896
  371   O   Ox2  371 -0.2449  0.3840  0.1623 -0.2449  0.3840  0.1623
  372   O   Ox1  372  0.0076 -0.0613  0.0803  0.0076 -0.0613  0.0803
  372   O   Ox2  372 -0.0695 -0.0308  0.0287 -0.0695 -0.0308  0.0287
  373   O   Ox1  373 -0.1852 -0.2205  0.0562 -0.1852 -0.2205  0.0562
  373   O   Ox2  373  0.1359  0.1822  0.2081  0.1359  0.1822  0.2081
  374   O   Ox1  374  0.1923  0.0572 -0.2586  0.1923  0.0572 -0.2586
  374   O   Ox2  374 -0.1852  0.3114  0.1167 -0.1852  0.3114  0.1167
  375   O   Ox1  375  0.2641  0.1738 -0.0225  0.2641  0.1738 -0.0225
  375   O   Ox2  375 -0.4038 -0.1483 -0.0307 -0.4038 -0.1483 -0.0307
  376   O   Ox1  376 -0.0787  0.3190 -0.4578 -0.0787  0.3190 -0.4578
  376   O   Ox2  376  0.2473 -0.0792 -0.0775  0.2473 -0.0792 -0.0775
  377   O   Ox1  377 -0.0830 -0.1336  0.0303 -0.0830 -0.1336  0.0303
  377   O   Ox2  377  0.2113 -0.1820 -0.1914  0.2113 -0.1820 -0.1914
  378   O   Ox1  378 -0.1237  0.0532  0.3074 -0.1237  0.0532  0.3074
  378   O   Ox2  378  0.0900  0.1685  0.0631  0.0900  0.1685  0.0631
  379   O   Ox1  379  0.1621 -0.0291  0.1622  0.1621 -0.0291  0.1622
  379   O   Ox2  379 -0.1247 -0.2592  0.2245 -0.1247 -0.2592  0.2245
  380   O   Ox1  380 -0.0150 -0.0836  0.0835 -0.0150 -0.0836  0.0835
  380   O   Ox2  380 -0.0565 -0.1621  0.0012 -0.0565 -0.1621  0.0012
  381   O   Ox1  381 -0.2238 -0.3552 -0.2330 -0.2238 -0.3552 -0.2330
  381   O   Ox2  381  0.1215  0.2911  0.1492  0.1215  0.2911  0.1492
  382   O   Ox1  382 -0.2131 -0.1739 -0.0805 -0.2131 -0.1739 -0.0805
  382   O   Ox2  382 -0.2937 -0.0257 -0.1737 -0.2937 -0.0257 -0.1737
  383   O   Ox1  383 -0.2081  0.1544  0.1684 -0.2081  0.1544  0.1684
  383   O   Ox2  383 -0.1092  0.2971  0.1902 -0.1092  0.2971  0.1902
  384   O   Ox1  384  0.0331 -0.1239 -0.1427  0.0331 -0.1239 -0.1427
  384   O   Ox2  384 -0.1033  0.2142 -0.1475 -0.1033  0.2142 -0.1475
  385   O   Ox1  385  0.4014 -0.2083  0.0253  0.4014 -0.2083  0.0253
  385   O   Ox2  385  0.5111  0.1649 -0.3414  0.5111  0.1649 -0.3414
  386   O   Ox1  386 -0.0458  0.0941 -0.1293 -0.0458  0.0941 -0.1293
  386   O   Ox2  386  0.0244  0.1148  0.0216  0.0244  0.1148  0.0216
  387   O   Ox1  387  0.1947  0.0457  0.2014  0.1947  0.0457  0.2014
  387   O   Ox2  387  0.0180 -0.1294  0.0247  0.0180 -0.1294  0.0247
  388   O   Ox1  388  0.0833  0.0340 -0.0670  0.0833  0.0340 -0.0670
  388   O   Ox2  388  0.0035 -0.4428 -0.0201  0.0035 -0.4428 -0.0201
  389   O   Ox1  389 -0.1330  0.4606  0.3475 -0.1330  0.4606  0.3475
  389   O   Ox2  389  0.0394 -0.4206  0.1772  0.0394 -0.4206  0.1772
  390   O   Ox1  390 -0.2586 -0.3454  0.0499 -0.2586 -0.3454  0.0499
  390   O   Ox2  390 -0.2140 -0.2633  0.2742 -0.2140 -0.2633  0.2742
  391   O   Ox1  391  0.0983  0.1013  0.3612  0.0983  0.1013  0.3612
  391   O   Ox2  391  0.0992  0.0977  0.0782  0.0992  0.0977  0.0782
  392   O   Ox1  392  0.0565 -0.1136  0.2113  0.0565 -0.1136  0.2113
  392   O   Ox2  392  0.1618  0.1143  0.1060  0.1618  0.1143  0.1060
  393   O   Ox1  393  0.0965  0.2140  0.0802  0.0965  0.2140  0.0802
  393   O   Ox2  393  0.1324  0.2226 -0.2199  0.1324  0.2226 -0.2199
  394   O   Ox1  394 -0.1855 -0.0189  0.1173 -0.1855 -0.0189  0.1173
  394   O   Ox2  394  0.0398  0.2788 -0.0627  0.0398  0.2788 -0.0627
  395   O   Ox1  395 -0.0804  0.2062  0.0520 -0.0804  0.2062  0.0520
  395   O   Ox2  395 -0.0711 -0.1727 -0.0734 -0.0711 -0.1727 -0.0734
  396   O   Ox1  396 -0.0057 -0.0365 -0.1448 -0.0057 -0.0365 -0.1448
  396   O   Ox2  396  0.2284 -0.1849 -0.2305  0.2284 -0.1849 -0.2305
  397   O   Ox1  397  0.1641  0.1865  0.2558  0.1641  0.1865  0.2558
  397   O   Ox2  397 -0.1360  0.1747  0.0918 -0.1360  0.1747  0.0918
  398   O   Ox1  398 -0.0024 -0.0198 -0.0323 -0.0024 -0.0198 -0.0323
  398   O   Ox2  398 -0.0237  0.0556  0.0209 -0.0237  0.0556  0.0209
  399   O   Ox1  399 -0.1973  0.2761 -0.1816 -0.1973  0.2761 -0.1816
  399   O   Ox2  399 -0.1643 -0.0687 -0.2596 -0.1643 -0.0687 -0.2596
  400   O   Ox1  400 -0.1489  0.4745  0.0214 -0.1489  0.4745  0.0214
  400   O   Ox2  400 -0.1544  0.0602  0.1423 -0.1544  0.0602  0.1423
  401   O   Ox1  401  0.3459 -0.1033 -0.0653  0.3459 -0.1033 -0.0653
  401   O   Ox2  401  0.1511 -0.1206 -0.1149  0.1511 -0.1206 -0.1149
  402   O   Ox1  402 -0.1424  0.3483 -0.0118 -0.1424  0.3483 -0.0118
  402   O   Ox2  402 -0.1605  0.2789  0.0791 -0.1605  0.2789  0.0791
  403   O   Ox1  403 -0.0611  0.2462  0.2879 -0.0611  0.2462  0.2879
  403   O   Ox2  403  0.0146  0.0995 -0.1373  0.0146  0.0995 -0.1373
  404   O   Ox1  404  0.2155  0.0356  0.1643  0.2155  0.0356  0.1643
  404   O   Ox2  404  0.0311 -0.1894  0.0545  0.0311 -0.1894  0.0545
  405   O   Ox1  405 -0.2998  0.0625 -0.1979 -0.2998  0.0625 -0.1979
  405   O   Ox2  405  0.0505 -0.0718  0.2248  0.0505 -0.0718  0.2248
  406   O   Ox1  406 -0.1076 -0.0181  0.0700 -0.1076 -0.0181  0.0700
  406   O   Ox2  406 -0.1853  0.1781 -0.0011 -0.1853  0.1781 -0.0011
  407   O   Ox1  407  0.0806  0.1361  0.1398  0.0806  0.1361  0.1398
  407   O   Ox2  407  0.0588 -0.0920  0.1207  0.0588 -0.0920  0.1207
  408   O   Ox1  408 -0.1321 -0.1961  0.1443 -0.1321 -0.1961  0.1443
  408   O   Ox2  408  0.0813 -0.0616  0.0881  0.0813 -0.0616  0.0881
  409   O   Ox1  409 -0.1177  0.0542 -0.0679 -0.1177  0.0542 -0.0679
  409   O   Ox2  409 -0.1175  0.0736 -0.0867 -0.1175  0.0736 -0.0867
  410   O   Ox1  410  0.1191  0.1781  0.2215  0.1191  0.1781  0.2215
  410   O   Ox2  410  0.4024 -0.1811 -0.3234  0.4024 -0.1811 -0.3234
  411   O   Ox1  411 -0.1144 -0.0975 -0.0911 -0.1144 -0.0975 -0.0911
  411   O   Ox2  411 -0.0551 -0.0596  0.1516 -0.0551 -0.0596  0.1516
  412   O   Ox1  412  0.1806  0.3107 -0.0333  0.1806  0.3107 -0.0333
  412   O   Ox2  412 -0.1693 -0.1052  0.2757 -0.1693 -0.1052  0.2757
  413   O   Ox1  413 -0.1376  0.0235 -0.2144 -0.1376  0.0235 -0.2144
  413   O   Ox2  413 -0.0791 -0.1760  0.0392 -0.0791 -0.1760  0.0392
  414   O   Ox1  414  0.2528 -0.2497  0.0569  0.2528 -0.2497  0.0569
  414   O   Ox2  414  0.2291  0.1561  0.0352  0.2291  0.1561  0.0352
  415   O   Ox1  415 -0.1576  0.1778 -0.2242 -0.1576  0.1778 -0.2242
  415   O   Ox2  415 -0.2163 -0.1033 -0.0474 -0.2163 -0.1033 -0.0474
  416   O   Ox1  416 -0.0575 -0.0305  0.2775 -0.0575 -0.0305  0.2775
  416   O   Ox2  416 -0.0255  0.0017  0.0913 -0.0255  0.0017  0.0913
  417   O   Ox1  417  0.0765  0.1176 -0.2068  0.0765  0.1176 -0.2068
  417   O   Ox2  417  0.1340  0.3097 -0.0880  0.1340  0.3097 -0.0880
  418   O   Ox1  418 -0.0759  0.0476  0.2726 -0.0759  0.0476  0.2726
  418   O   Ox2  418  0.1452  0.1728  0.3591  0.1452  0.1728  0.3591
  419   O   Ox1  419  0.3267 -0.0032 -0.0360  0.3267 -0.0032 -0.0360
  419   O   Ox2  419  0.0170 -0.1722 -0.2110  0.0170 -0.1722 -0.2110
  420   O   Ox1  420 -0.0769 -0.0068 -0.0234 -0.0769 -0.0068 -0.0234
  420   O   Ox2  420 -0.2411 -0.1008 -0.2524 -0.2411 -0.1008 -0.2524
  421   O   Ox1  421  0.0915 -0.2216  0.0396  0.0915 -0.2216  0.0396
  421   O   Ox2  421  0.2759 -0.2053  0.0728  0.2759 -0.2053  0.0728
  422   O   Ox1  422 -0.1973 -0.0485  0.2476 -0.1973 -0.0485  0.2476
  422   O   Ox2  422 -0.3476  0.0082  0.0548 -0.3476  0.0082  0.0548
  423   O   Ox1  423 -0.1724 -0.0879 -0.2291 -0.1724 -0.0879 -0.2291
  423   O   Ox2  423 -0.3146 -0.2205  0.0449 -0.3146 -0.2205  0.0449
  424   O   Ox1  424 -0.0381 -0.1452  0.2912 -0.0381 -0.1452  0.2912
  424   O   Ox2  424 -0.0362 -0.1932  0.2449 -0.0362 -0.1932  0.2449
  425   O   Ox1  425  0.0148  0.0306  0.1411  0.0148  0.0306  0.1411
  425   O   Ox2  425 -0.0703 -0.0800  0.2129 -0.0703 -0.0800  0.2129
  426   O   Ox1  426 -0.0213  0.3145  0.0156 -0.0213  0.3145  0.0156
  426   O   Ox2  426  0.2876 -0.5535 -0.0696  0.2876 -0.5535 -0.0696
  427   O   Ox1  427 -0.2596  0.4246 -0.0089 -0.2596  0.4246 -0.0089
  427   O   Ox2  427  0.0650 -0.4355 -0.0592  0.0650 -0.4355 -0.0592
  428   O   Ox1  428  0.3355  0.5452 -0.1467  0.3355  0.5452 -0.1467
  428   O   Ox2  428 -0.0665  0.2949 -0.0261 -0.0665  0.2949 -0.0261
  429   O   Ox1  429 -0.2085  0.0914 -0.1358 -0.2085  0.0914 -0.1358
  429   O   Ox2  429  0.1430  0.0507  0.1315  0.1430  0.0507  0.1315
  430   O   Ox1  430 -0.0877 -0.2080 -0.0810 -0.0877 -0.2080 -0.0810
  430   O   Ox2  430  0.0879 -0.2731 -0.0024  0.0879 -0.2731 -0.0024
  431   O   Ox1  431  0.0152  0.0600 -0.1020  0.0152  0.0600 -0.1020
  431   O   Ox2  431  0.0669  0.0251 -0.0249  0.0669  0.0251 -0.0249
  432   O   Ox1  432 -0.2346  0.0931  0.1547 -0.2346  0.0931  0.1547
  432   O   Ox2  432  0.3097  0.0116 -0.0784  0.3097  0.0116 -0.0784
  433   O   Ox1  433  0.1245 -0.0237 -0.0550  0.1245 -0.0237 -0.0550
  433   O   Ox2  433  0.1725  0.0419 -0.0502  0.1725  0.0419 -0.0502
  434   O   Ox1  434 -0.0251 -0.2286 -0.2082 -0.0251 -0.2286 -0.2082
  434   O   Ox2  434 -0.1090 -0.2407 -0.1038 -0.1090 -0.2407 -0.1038
  435   O   Ox1  435 -0.1068  0.1759  0.2282 -0.1068  0.1759  0.2282
  435   O   Ox2  435 -0.0544  0.3178  0.1243 -0.0544  0.3178  0.1243
  436   O   Ox1  436  0.0641  0.0222 -0.1563  0.0641  0.0222 -0.1563
  436   O   Ox2  436 -0.0977  0.0202  0.2125 -0.0977  0.0202  0.2125
  437   O   Ox1  437 -0.4368  0.0242 -0.1914 -0.4368  0.0242 -0.1914
  437   O   Ox2  437 -0.5315 -0.0297 -0.0560 -0.5315 -0.0297 -0.0560
  438   O   Ox1  438 -0.0055  0.1074 -0.2930 -0.0055  0.1074 -0.2930
  438   O   Ox2  438  0.0249  0.0674  0.0207  0.0249  0.0674  0.0207
  439   O   Ox1  439 -0.4268 -0.2333  0.2209 -0.4268 -0.2333  0.2209
  439   O   Ox2  439 -0.2637  0.0082  0.0005 -0.2637  0.0082  0.0005
  440   O   Ox1  440  0.0978 -0.0735 -0.2734  0.0978 -0.0735 -0.2734
  440   O   Ox2  440  0.1373 -0.0647 -0.3298  0.1373 -0.0647 -0.3298
  441   O   Ox1  441  0.1409  0.1005  0.1350  0.1409  0.1005  0.1350
  441   O   Ox2  441  0.1452 -0.0479  0.0201  0.1452 -0.0479  0.0201
  442   O   Ox1  442  0.1999  0.0380  0.0980  0.1999  0.0380  0.0980
  442   O   Ox2  442  0.1323 -0.0184  0.1229  0.1323 -0.0184  0.1229
  443   O   Ox1  443  0.3897  0.1260  0.1557  0.3897  0.1260  0.1557
  443   O   Ox2  443  0.2236  0.1013  0.0808  0.2236  0.1013  0.0808
  444   O   Ox1  444 -0.1070 -0.0626 -0.2256 -0.1070 -0.0626 -0.2256
  444   O   Ox2  444 -0.1376 -0.0830 -0.0794 -0.1376 -0.0830 -0.0794
  445   O   Ox1  445  0.0911 -0.0416  0.0748  0.0911 -0.0416  0.0748
  445   O   Ox2  445  0.2190 -0.0582  0.0084  0.2190 -0.0582  0.0084
  446   O   Ox1  446  0.1814  0.0310  0.0119  0.1814  0.0310  0.0119
  446   O   Ox2  446 -0.2799  0.0721 -0.3078 -0.2799  0.0721 -0.3078
  447   O   Ox1  447 -0.0899 -0.0914 -0.4563 -0.0899 -0.0914 -0.4563
  447   O   Ox2  447  0.0294 -0.1996 -0.1756  0.0294 -0.1996 -0.1756
  448   O   Ox1  448  0.2330 -0.3748  0.3188  0.2330 -0.3748  0.3188
  448   O   Ox2  448  0.0602  0.1449  0.0778  0.0602  0.1449  0.0778
  449   O   Ox1  449  0.2906  0.1850 -0.3310  0.2906  0.1850 -0.3310
  449   O   Ox2  449 -0.0475 -0.0857 -0.2605 -0.0475 -0.0857 -0.2605
  450   O   Ox1  450  0.2365  0.2413  0.3505  0.2365  0.2413  0.3505
  450   O   Ox2  450 -0.5094  0.1967  0.0375 -0.5094  0.1967  0.0375
  451   O   Ox1  451  0.2542  0.0487 -0.0053  0.2542  0.0487 -0.0053
  451   O   Ox2  451  0.2425 -0.1362  0.0644  0.2425 -0.1362  0.0644
  452   O   Ox1  452  0.1300  0.1531 -0.3375  0.1300  0.1531 -0.3375
  452   O   Ox2  452  0.1302 -0.2897 -0.3407  0.1302 -0.2897 -0.3407
  453   O   Ox1  453  0.0846 -0.2740 -0.0183  0.0846 -0.2740 -0.0183
  453   O   Ox2  453  0.3672  0.0179  0.2389  0.3672  0.0179  0.2389
  454   O   Ox1  454 -0.1523 -0.0055 -0.2010 -0.1523 -0.0055 -0.2010
  454   O   Ox2  454  0.1666 -0.0923  0.0361  0.1666 -0.0923  0.0361
  455   O   Ox1  455  0.2471  0.0095  0.0077  0.2471  0.0095  0.0077
  455   O   Ox2  455 -0.0631  0.1478  0.1941 -0.0631  0.1478  0.1941
  456   O   Ox1  456  0.1566  0.0896  0.0577  0.1566  0.0896  0.0577
  456   O   Ox2  456  0.1281  0.0677  0.0121  0.1281  0.0677  0.0121
  457   O   Ox1  457  0.0050  0.0072 -0.0018  0.0050  0.0072 -0.0018
  457   O   Ox2  457  0.0211  0.2156 -0.0070  0.0211  0.2156 -0.0070
  458   O   Ox1  458  0.1078 -0.0655  0.0832  0.1078 -0.0655  0.0832
  458   O   Ox2  458 -0.0477  0.0968  0.0718 -0.0477  0.0968  0.0718
  459   O   Ox1  459  0.0541 -0.0183 -0.2319  0.0541 -0.0183 -0.2319
  459   O   Ox2  459 -0.3353  0.1141 -0.1791 -0.3353  0.1141 -0.1791
  460   O   Ox1  460  0.3046 -0.0760  0.3343  0.3046 -0.0760  0.3343
  460   O   Ox2  460 -0.0729  0.1754 -0.0497 -0.0729  0.1754 -0.0497
  461   O   Ox1  461  0.1928 -0.1161  0.1540  0.1928 -0.1161  0.1540
  461   O   Ox2  461  0.2567 -0.1779 -0.0738  0.2567 -0.1779 -0.0738
  462   O   Ox1  462 -0.0416 -0.0925 -0.0476 -0.0416 -0.0925 -0.0476
  462   O   Ox2  462 -0.1756 -0.3353  0.2270 -0.1756 -0.3353  0.2270
  463   O   Ox1  463 -0.2913 -0.1036  0.1798 -0.2913 -0.1036  0.1798
  463   O   Ox2  463 -0.3032  0.0903  0.1187 -0.3032  0.0903  0.1187
  464   O   Ox1  464 -0.4253  0.1478  0.4217 -0.4253  0.1478  0.4217
  464   O   Ox2  464  0.6843  0.0733 -0.2007  0.6843  0.0733 -0.2007
  465   O   Ox1  465 -0.1642  0.2294  0.2241 -0.1642  0.2294  0.2241
  465   O   Ox2  465  0.0984  0.2551  0.1144  0.0984  0.2551  0.1144
  466   O   Ox1  466  0.1000  0.0954 -0.0148  0.1000  0.0954 -0.0148
  466   O   Ox2  466 -0.4146 -0.2860  0.0080 -0.4146 -0.2860  0.0080
  467   O   Ox1  467  0.3714 -0.2183  0.0120  0.3714 -0.2183  0.0120
  467   O   Ox2  467  0.1769 -0.1708 -0.3173  0.1769 -0.1708 -0.3173
  468   O   Ox1  468 -0.1380 -0.3359 -0.0379 -0.1380 -0.3359 -0.0379
  468   O   Ox2  468 -0.0598  0.1291  0.0626 -0.0598  0.1291  0.0626
  469   O   Ox1  469  0.1022 -0.0017 -0.1270  0.1022 -0.0017 -0.1270
  469   O   Ox2  469 -0.2429  0.0451 -0.2029 -0.2429  0.0451 -0.2029
  470   O   Ox1  470 -0.0320  0.0357 -0.3952 -0.0320  0.0357 -0.3952
  470   O   Ox2  470  0.5147  0.1288  0.3485  0.5147  0.1288  0.3485
  471   O   Ox1  471  0.1365 -0.0874  0.0245  0.1365 -0.0874  0.0245
  471   O   Ox2  471 -0.0980  0.0869 -0.0235 -0.0980  0.0869 -0.0235
  472   O   Ox1  472  0.0575  0.0685  0.0092  0.0575  0.0685  0.0092
  472   O   Ox2  472 -0.4323 -0.2209  0.1978 -0.4323 -0.2209  0.1978
  473   O   Ox1  473  0.0849 -0.1169 -0.2563  0.0849 -0.1169 -0.2563
  473   O   Ox2  473 -0.3261 -0.0221 -0.1772 -0.3261 -0.0221 -0.1772
  474   O   Ox1  474  0.1371  0.1312 -0.1840  0.1371  0.1312 -0.1840
  474   O   Ox2  474 -0.1603 -0.1135 -0.1348 -0.1603 -0.1135 -0.1348
  475   O   Ox1  475  0.1575  0.0420  0.1260  0.1575  0.0420  0.1260
  475   O   Ox2  475  0.0691  0.2545 -0.0459  0.0691  0.2545 -0.0459
  476   O   Ox1  476  0.2136 -0.1409  0.1408  0.2136 -0.1409  0.1408
  476   O   Ox2  476 -0.3195  0.1026  0.0151 -0.3195  0.1026  0.0151
  477   O   Ox1  477  0.2906 -0.0730 -0.0946  0.2906 -0.0730 -0.0946
  477   O   Ox2  477  0.1213 -0.1108 -0.1670  0.1213 -0.1108 -0.1670
  478   O   Ox1  478  0.1289 -0.0339 -0.1574  0.1289 -0.0339 -0.1574
  478   O   Ox2  478 -0.0008 -0.0750 -0.1156 -0.0008 -0.0750 -0.1156
  479   O   Ox1  479  0.1228  0.2185 -0.2036  0.1228  0.2185 -0.2036
  479   O   Ox2  479  0.1639 -0.1616  0.0324  0.1639 -0.1616  0.0324
  480   O   Ox1  480  0.1068 -0.3904  0.1863  0.1068 -0.3904  0.1863
  480   O   Ox2  480  0.1555 -0.5495  0.2990  0.1555 -0.5495  0.2990
  481   O   Ox1  481  0.0565 -0.0883 -0.2107  0.0565 -0.0883 -0.2107
  481   O   Ox2  481  0.2106 -0.1011 -0.0131  0.2106 -0.1011 -0.0131
  482   O   Ox1  482  0.0685  0.0380  0.5416  0.0685  0.0380  0.5416
  482   O   Ox2  482  0.2873 -0.2430 -0.1950  0.2873 -0.2430 -0.1950
  483   O   Ox1  483  0.1900  0.1045  0.0717  0.1900  0.1045  0.0717
  483   O   Ox2  483 -0.0263  0.2576  0.0345 -0.0263  0.2576  0.0345
  484   O   Ox1  484 -0.0331 -0.1961 -0.1418 -0.0331 -0.1961 -0.1418
  484   O   Ox2  484 -0.1146 -0.1892 -0.0146 -0.1146 -0.1892 -0.0146
  485   O   Ox1  485 -0.5071 -0.0740  0.0389 -0.5071 -0.0740  0.0389
  485   O   Ox2  485 -0.2276 -0.3828 -0.2378 -0.2276 -0.3828 -0.2378
  486   O   Ox1  486 -0.0686  0.2039  0.0960 -0.0686  0.2039  0.0960
  486   O   Ox2  486  0.0055 -0.0349  0.2026  0.0055 -0.0349  0.2026
  487   O   Ox1  487  0.0566 -0.0068 -0.0958  0.0566 -0.0068 -0.0958
  487   O   Ox2  487 -0.0905 -0.0323 -0.1106 -0.0905 -0.0323 -0.1106
  488   O   Ox1  488 -0.0565  0.0871  0.3743 -0.0565  0.0871  0.3743
  488   O   Ox2  488 -0.1135 -0.0871  0.1566 -0.1135 -0.0871  0.1566
  489   O   Ox1  489  0.2338 -0.2621 -0.1499  0.2338 -0.2621 -0.1499
  489   O   Ox2  489  0.2262 -0.2365 -0.1007  0.2262 -0.2365 -0.1007
  490   O   Ox1  490 -0.0904 -0.0874  0.0180 -0.0904 -0.0874  0.0180
  490   O   Ox2  490  0.0662  0.0493  0.2622  0.0662  0.0493  0.2622
  491   O   Ox1  491  0.2033 -0.0882 -0.0637  0.2033 -0.0882 -0.0637
  491   O   Ox2  491  0.1234  0.2413  0.0426  0.1234  0.2413  0.0426
  492   O   Ox1  492  0.0269 -0.0368 -0.0499  0.0269 -0.0368 -0.0499
  492   O   Ox2  492 -0.0887 -0.3350 -0.0125 -0.0887 -0.3350 -0.0125
  493   O   Ox1  493 -0.4995  0.0555 -0.0474 -0.4995  0.0555 -0.0474
  493   O   Ox2  493 -0.0464  0.1621 -0.2610 -0.0464  0.1621 -0.2610
  494   O   Ox1  494 -0.1263 -0.2969 -0.0118 -0.1263 -0.2969 -0.0118
  494   O   Ox2  494 -0.3473 -0.0216 -0.3646 -0.3473 -0.0216 -0.3646
  495   O   Ox1  495 -0.0548  0.0041  0.3173 -0.0548  0.0041  0.3173
  495   O   Ox2  495 -0.1762  0.1085 -0.0172 -0.1762  0.1085 -0.0172
  496   O   Ox1  496 -0.0583  0.1284 -0.1636 -0.0583  0.1284 -0.1636
  496   O   Ox2  496 -0.0135  0.1123  0.0640 -0.0135  0.1123  0.0640
  497   O   Ox1  497 -0.2646 -0.2076  0.0754 -0.2646 -0.2076  0.0754
  497   O   Ox2  497 -0.2523 -0.2412  0.1201 -0.2523 -0.2412  0.1201
  498   O   Ox1  498  0.2065 -0.0107  0.0404  0.2065 -0.0107  0.0404
  498   O   Ox2  498  0.1709  0.0225  0.0345  0.1709  0.0225  0.0345
  499   O   Ox1  499  0.2361  0.1847  0.1534  0.2361  0.1847  0.1534
  499   O   Ox2  499 -0.1072  0.1116  0.2034 -0.1072  0.1116  0.2034
  500   O   Ox1  500 -0.0633  0.4070 -0.3544 -0.0633  0.4070 -0.3544
  500   O   Ox2  500 -0.0099 -0.0752 -0.2555 -0.0099 -0.0752 -0.2555
