 After step        50001
        1000
    1   O   Ox1    1  0.1867  0.8265  0.6986  0.0187  0.0827  0.0699
    1   O   Ox2    1 -0.2256  0.5105  1.0492 -0.0226  0.0510  0.1049
    2   O   Ox1    2  0.2783 -0.1192 -0.7344  0.0278 -0.0119 -0.0734
    2   O   Ox2    2  0.0431  0.4804 -0.3933  0.0043  0.0480 -0.0393
    3   O   Ox1    3 -0.3726 -0.3879 -0.4859 -0.0373 -0.0388 -0.0486
    3   O   Ox2    3 -1.4497 -0.0052 -1.0184 -0.1450 -0.0005 -0.1018
    4   O   Ox1    4 -0.0349 -0.5361  0.3192 -0.0035 -0.0536  0.0319
    4   O   Ox2    4  0.3482 -0.3857  0.0751  0.0348 -0.0386  0.0075
    5   O   Ox1    5 -0.6357 -0.1058  0.4891 -0.0636 -0.0106  0.0489
    5   O   Ox2    5  0.0120 -0.1930  0.5751  0.0012 -0.0193  0.0575
    6   O   Ox1    6  0.7860  0.2649  0.5294  0.0786  0.0265  0.0529
    6   O   Ox2    6 -0.2988 -0.7040  0.0200 -0.0299 -0.0704  0.0020
    7   O   Ox1    7 -0.5907 -1.6500 -0.3257 -0.0591 -0.1650 -0.0326
    7   O   Ox2    7 -1.2477  0.0549 -0.7504 -0.1248  0.0055 -0.0750
    8   O   Ox1    8  0.7194  0.4455 -1.0748  0.0719  0.0445 -0.1075
    8   O   Ox2    8  0.1501  0.8340 -1.0643  0.0150  0.0834 -0.1064
    9   O   Ox1    9 -0.5489 -0.6075  0.2378 -0.0549 -0.0608  0.0238
    9   O   Ox2    9 -0.6147  0.5016 -0.1767 -0.0615  0.0502 -0.0177
   10   O   Ox1   10  0.1228 -0.0010  0.1330  0.0123 -0.0001  0.0133
   10   O   Ox2   10 -0.3558  0.0599  0.7731 -0.0356  0.0060  0.0773
   11   O   Ox1   11  0.7284 -0.2028  0.6592  0.0728 -0.0203  0.0659
   11   O   Ox2   11 -1.0379  0.0612  0.2211 -0.1038  0.0061  0.0221
   12   O   Ox1   12  0.0123 -0.7620  0.2380  0.0012 -0.0762  0.0238
   12   O   Ox2   12 -0.5040  0.4420  0.2839 -0.0504  0.0442  0.0284
   13   O   Ox1   13  0.5048  0.3871 -0.2167  0.0505  0.0387 -0.0217
   13   O   Ox2   13 -0.4221  0.6234 -0.1758 -0.0422  0.0623 -0.0176
   14   O   Ox1   14  0.0135 -0.0297  0.4329  0.0014 -0.0030  0.0433
   14   O   Ox2   14 -0.4803  0.3376  0.6047 -0.0480  0.0338  0.0605
   15   O   Ox1   15  0.5591  0.5985 -0.9492  0.0559  0.0599 -0.0949
   15   O   Ox2   15 -0.3352  0.4080 -0.9355 -0.0335  0.0408 -0.0935
   16   O   Ox1   16 -0.4073 -1.0227  0.0127 -0.0407 -0.1023  0.0013
   16   O   Ox2   16 -0.3874 -0.3152  0.3313 -0.0387 -0.0315  0.0331
   17   O   Ox1   17  0.6287 -0.5038 -0.6677  0.0629 -0.0504 -0.0668
   17   O   Ox2   17  0.5800 -0.5234 -0.5484  0.0580 -0.0523 -0.0548
   18   O   Ox1   18  0.9361 -0.2440  0.1365  0.0936 -0.0244  0.0137
   18   O   Ox2   18  0.1345  0.2981  0.0340  0.0135  0.0298  0.0034
   19   O   Ox1   19  0.1585 -0.1191  0.5819  0.0158 -0.0119  0.0582
   19   O   Ox2   19 -0.6123  0.0519 -0.6477 -0.0612  0.0052 -0.0648
   20   O   Ox1   20  0.3915  0.2694  0.1651  0.0392  0.0269  0.0165
   20   O   Ox2   20  0.2227  0.0009 -0.3110  0.0223  0.0001 -0.0311
   21   O   Ox1   21 -0.3477 -0.6445 -0.5372 -0.0348 -0.0645 -0.0537
   21   O   Ox2   21 -0.0880 -0.0749 -0.1431 -0.0088 -0.0075 -0.0143
   22   O   Ox1   22  0.0264 -0.3454 -0.0940  0.0026 -0.0345 -0.0094
   22   O   Ox2   22 -0.7229 -0.1527  0.3626 -0.0723 -0.0153  0.0363
   23   O   Ox1   23  0.2086  0.0843  0.4881  0.0209  0.0084  0.0488
   23   O   Ox2   23  0.3473 -0.1796  0.5226  0.0347 -0.0180  0.0523
   24   O   Ox1   24  0.2462 -0.0755  0.3947  0.0246 -0.0075  0.0395
   24   O   Ox2   24 -0.2344 -0.4634  0.4856 -0.0234 -0.0463  0.0486
   25   O   Ox1   25  1.0307 -0.5112 -0.3123  0.1031 -0.0511 -0.0312
   25   O   Ox2   25  0.4390 -0.1446 -0.5033  0.0439 -0.0145 -0.0503
   26   O   Ox1   26 -0.1730 -0.2402 -0.4800 -0.0173 -0.0240 -0.0480
   26   O   Ox2   26  0.4818  0.6476 -0.0575  0.0482  0.0648 -0.0058
   27   O   Ox1   27  0.6305 -0.1111  0.1860  0.0630 -0.0111  0.0186
   27   O   Ox2   27  0.2237 -0.6272  0.3840  0.0224 -0.0627  0.0384
   28   O   Ox1   28  0.4938 -0.5647  0.2060  0.0494 -0.0565  0.0206
   28   O   Ox2   28  0.2748 -0.8936 -0.0402  0.0275 -0.0894 -0.0040
   29   O   Ox1   29 -0.2693 -0.6838 -0.0276 -0.0269 -0.0684 -0.0028
   29   O   Ox2   29 -0.1216  0.0939  0.7235 -0.0122  0.0094  0.0723
   30   O   Ox1   30 -0.3826  0.3278  0.1338 -0.0383  0.0328  0.0134
   30   O   Ox2   30 -0.3297  0.7054  0.0131 -0.0330  0.0705  0.0013
   31   O   Ox1   31  0.3320  0.0641 -0.6909  0.0332  0.0064 -0.0691
   31   O   Ox2   31  0.6481 -0.1822 -0.1537  0.0648 -0.0182 -0.0154
   32   O   Ox1   32 -0.5605  0.0177  0.3031 -0.0560  0.0018  0.0303
   32   O   Ox2   32 -0.4098  0.1327  0.5344 -0.0410  0.0133  0.0534
   33   O   Ox1   33 -0.0474 -0.0457 -0.1380 -0.0047 -0.0046 -0.0138
   33   O   Ox2   33 -0.3471 -0.0728 -0.3062 -0.0347 -0.0073 -0.0306
   34   O   Ox1   34  0.0643 -0.7025  0.1078  0.0064 -0.0702  0.0108
   34   O   Ox2   34  0.5175 -0.2821  0.1834  0.0518 -0.0282  0.0183
   35   O   Ox1   35  0.6209  0.9328  0.8931  0.0621  0.0933  0.0893
   35   O   Ox2   35 -0.1162 -0.3493  0.8251 -0.0116 -0.0349  0.0825
   36   O   Ox1   36 -0.1700  0.4145  0.3939 -0.0170  0.0415  0.0394
   36   O   Ox2   36 -0.0214 -0.0396  0.2355 -0.0021 -0.0040  0.0235
   37   O   Ox1   37  0.5019  0.1469 -0.3617  0.0502  0.0147 -0.0362
   37   O   Ox2   37  0.2845  1.3439  0.4866  0.0285  0.1344  0.0487
   38   O   Ox1   38 -0.1176 -0.4840 -0.1313 -0.0118 -0.0484 -0.0131
   38   O   Ox2   38 -0.1775 -0.2705  0.8616 -0.0178 -0.0271  0.0862
   39   O   Ox1   39  0.1665 -0.5591  0.1825  0.0166 -0.0559  0.0183
   39   O   Ox2   39 -0.1843 -0.2251 -0.8449 -0.0184 -0.0225 -0.0845
   40   O   Ox1   40  0.6072  0.3079  1.0656  0.0607  0.0308  0.1066
   40   O   Ox2   40 -0.1074 -0.1222 -0.6744 -0.0107 -0.0122 -0.0674
   41   O   Ox1   41 -0.2668  0.3686  0.2687 -0.0267  0.0369  0.0269
   41   O   Ox2   41  0.2159  0.3899  0.5141  0.0216  0.0390  0.0514
   42   O   Ox1   42  0.2257  0.3442 -0.8172  0.0226  0.0344 -0.0817
   42   O   Ox2   42 -0.3343  0.7455 -1.3306 -0.0334  0.0746 -0.1331
   43   O   Ox1   43  0.2054  0.1698  0.2894  0.0205  0.0170  0.0289
   43   O   Ox2   43  0.4844 -1.0420 -0.5721  0.0484 -0.1042 -0.0572
   44   O   Ox1   44 -0.1553  0.3576 -0.0280 -0.0155  0.0358 -0.0028
   44   O   Ox2   44  0.0134  0.4489 -0.9359  0.0013  0.0449 -0.0936
   45   O   Ox1   45 -0.4905  0.8662 -0.2669 -0.0490  0.0866 -0.0267
   45   O   Ox2   45  0.7821  2.1966 -0.0526  0.0782  0.2197 -0.0053
   46   O   Ox1   46 -0.2331 -0.3051  0.5740 -0.0233 -0.0305  0.0574
   46   O   Ox2   46 -0.4089 -0.4927  0.0411 -0.0409 -0.0493  0.0041
   47   O   Ox1   47  0.3410 -0.9374  0.8065  0.0341 -0.0937  0.0807
   47   O   Ox2   47 -0.5823  0.5096  0.1848 -0.0582  0.0510  0.0185
   48   O   Ox1   48 -0.1132  0.7286 -0.6364 -0.0113  0.0729 -0.0636
   48   O   Ox2   48  0.0725  0.1884  0.1252  0.0072  0.0188  0.0125
   49   O   Ox1   49 -0.6888  0.2059 -0.1696 -0.0689  0.0206 -0.0170
   49   O   Ox2   49 -0.0296 -1.1289 -0.3873 -0.0030 -0.1129 -0.0387
   50   O   Ox1   50  0.4306  0.2859 -0.8352  0.0431  0.0286 -0.0835
   50   O   Ox2   50  0.5705  0.3287 -0.2303  0.0571  0.0329 -0.0230
   51   O   Ox1   51 -0.5082  0.2048 -0.3004 -0.0508  0.0205 -0.0300
   51   O   Ox2   51 -0.9830  0.5873 -0.1486 -0.0983  0.0587 -0.0149
   52   O   Ox1   52 -0.1051 -0.3007 -0.1468 -0.0105 -0.0301 -0.0147
   52   O   Ox2   52 -0.2822  0.7802  0.4456 -0.0282  0.0780  0.0446
   53   O   Ox1   53 -0.0386  1.7923 -0.2872 -0.0039  0.1792 -0.0287
   53   O   Ox2   53 -0.3889 -0.1428  0.1930 -0.0389 -0.0143  0.0193
   54   O   Ox1   54  0.0121  0.4381  0.0462  0.0012  0.0438  0.0046
   54   O   Ox2   54 -0.2142  0.3882 -0.1882 -0.0214  0.0388 -0.0188
   55   O   Ox1   55  0.1770  0.4405 -0.5528  0.0177  0.0441 -0.0553
   55   O   Ox2   55  0.2642 -0.2157 -0.2692  0.0264 -0.0216 -0.0269
   56   O   Ox1   56 -1.2596 -0.3960 -0.3740 -0.1260 -0.0396 -0.0374
   56   O   Ox2   56 -1.2189  0.3042 -0.2810 -0.1219  0.0304 -0.0281
   57   O   Ox1   57  0.1305 -0.5589  0.2359  0.0131 -0.0559  0.0236
   57   O   Ox2   57  0.4426 -0.2916 -0.2078  0.0443 -0.0292 -0.0208
   58   O   Ox1   58  0.4318  1.0043 -0.2125  0.0432  0.1004 -0.0212
   58   O   Ox2   58 -0.1379  0.7600 -0.3107 -0.0138  0.0760 -0.0311
   59   O   Ox1   59 -0.0214 -0.5311 -0.2708 -0.0021 -0.0531 -0.0271
   59   O   Ox2   59 -0.1005 -0.2861  0.5190 -0.0101 -0.0286  0.0519
   60   O   Ox1   60 -0.3429  0.3915  0.2519 -0.0343  0.0391  0.0252
   60   O   Ox2   60 -0.0978  0.3935  0.0540 -0.0098  0.0394  0.0054
   61   O   Ox1   61 -0.1754  0.0596  0.4388 -0.0175  0.0060  0.0439
   61   O   Ox2   61  0.3450  0.3071 -0.4581  0.0345  0.0307 -0.0458
   62   O   Ox1   62  0.0540 -1.0837 -0.4072  0.0054 -0.1084 -0.0407
   62   O   Ox2   62  0.6250 -1.1481  0.0065  0.0625 -0.1148  0.0006
   63   O   Ox1   63  0.3705  0.5629 -0.6123  0.0370  0.0563 -0.0612
   63   O   Ox2   63  0.0929  0.1202 -0.5332  0.0093  0.0120 -0.0533
   64   O   Ox1   64  0.0954 -0.6376  0.1315  0.0095 -0.0638  0.0131
   64   O   Ox2   64  0.2679  0.0653 -0.5182  0.0268  0.0065 -0.0518
   65   O   Ox1   65 -0.8094 -0.8571 -0.3861 -0.0809 -0.0857 -0.0386
   65   O   Ox2   65 -0.9497 -0.1226 -0.7464 -0.0950 -0.0123 -0.0746
   66   O   Ox1   66  1.3161 -0.2143  0.1097  0.1316 -0.0214  0.0110
   66   O   Ox2   66  0.0102 -0.2787 -0.2902  0.0010 -0.0279 -0.0290
   67   O   Ox1   67 -0.2242 -0.0554 -0.3583 -0.0224 -0.0055 -0.0358
   67   O   Ox2   67 -0.0144  0.3763 -0.6454 -0.0014  0.0376 -0.0645
   68   O   Ox1   68  0.1142 -0.2287 -0.3717  0.0114 -0.0229 -0.0372
   68   O   Ox2   68  0.0698 -0.1902 -0.3332  0.0070 -0.0190 -0.0333
   69   O   Ox1   69 -0.2604  0.5062 -0.9045 -0.0260  0.0506 -0.0904
   69   O   Ox2   69 -1.1110  0.2234  0.6743 -0.1111  0.0223  0.0674
   70   O   Ox1   70  0.2123  0.1876 -0.9612  0.0212  0.0188 -0.0961
   70   O   Ox2   70  0.1861 -0.6948 -0.6771  0.0186 -0.0695 -0.0677
   71   O   Ox1   71 -0.4158  0.1906 -0.0648 -0.0416  0.0191 -0.0065
   71   O   Ox2   71 -0.1758  0.3554  0.3435 -0.0176  0.0355  0.0344
   72   O   Ox1   72  0.6514  0.3333  0.2414  0.0651  0.0333  0.0241
   72   O   Ox2   72  0.1004  0.2359  0.2030  0.0100  0.0236  0.0203
   73   O   Ox1   73 -0.3756  0.1105 -0.1207 -0.0376  0.0110 -0.0121
   73   O   Ox2   73 -0.7059 -0.3072 -0.7238 -0.0706 -0.0307 -0.0724
   74   O   Ox1   74  0.1485 -0.3730 -0.1001  0.0149 -0.0373 -0.0100
   74   O   Ox2   74  0.3184 -0.2137  1.0275  0.0318 -0.0214  0.1027
   75   O   Ox1   75  0.4968 -0.8081 -0.8027  0.0497 -0.0808 -0.0803
   75   O   Ox2   75 -0.1921  0.5069  0.4487 -0.0192  0.0507  0.0449
   76   O   Ox1   76  0.2985  1.3593  0.4259  0.0299  0.1359  0.0426
   76   O   Ox2   76 -0.7493 -0.0018 -1.1809 -0.0749 -0.0002 -0.1181
   77   O   Ox1   77  0.0807  0.0825  0.1749  0.0081  0.0083  0.0175
   77   O   Ox2   77  0.2877  0.7578  1.0077  0.0288  0.0758  0.1008
   78   O   Ox1   78 -0.6772  0.1901  0.2163 -0.0677  0.0190  0.0216
   78   O   Ox2   78 -0.3912  0.3496  0.0342 -0.0391  0.0350  0.0034
   79   O   Ox1   79 -1.0788  0.3550  0.7448 -0.1079  0.0355  0.0745
   79   O   Ox2   79  0.1207  0.0187  0.4349  0.0121  0.0019  0.0435
   80   O   Ox1   80  0.5920  0.3444  0.9759  0.0592  0.0344  0.0976
   80   O   Ox2   80  0.0507  0.2820  0.2493  0.0051  0.0282  0.0249
   81   O   Ox1   81 -0.1547  1.0784  0.1981 -0.0155  0.1078  0.0198
   81   O   Ox2   81 -1.1439 -0.1849 -0.0387 -0.1144 -0.0185 -0.0039
   82   O   Ox1   82 -1.3303  0.1068 -0.2810 -0.1330  0.0107 -0.0281
   82   O   Ox2   82  0.2619 -0.2297  0.7730  0.0262 -0.0230  0.0773
   83   O   Ox1   83 -0.3192 -0.6908 -0.0040 -0.0319 -0.0691 -0.0004
   83   O   Ox2   83 -0.5669 -0.7211  0.1418 -0.0567 -0.0721  0.0142
   84   O   Ox1   84  0.6936 -0.8202 -0.6071  0.0694 -0.0820 -0.0607
   84   O   Ox2   84  0.2057  0.1165  0.1558  0.0206  0.0116  0.0156
   85   O   Ox1   85  0.0382  0.4864 -0.7126  0.0038  0.0486 -0.0713
   85   O   Ox2   85 -0.7747  0.1148  0.6236 -0.0775  0.0115  0.0624
   86   O   Ox1   86 -0.1324 -0.5528  0.2026 -0.0132 -0.0553  0.0203
   86   O   Ox2   86 -0.2223 -0.7664 -0.1101 -0.0222 -0.0766 -0.0110
   87   O   Ox1   87 -0.4189  0.3979 -0.6063 -0.0419  0.0398 -0.0606
   87   O   Ox2   87 -0.6960 -0.8353 -0.3383 -0.0696 -0.0835 -0.0338
   88   O   Ox1   88  0.5227 -0.3189 -0.3923  0.0523 -0.0319 -0.0392
   88   O   Ox2   88  0.9170 -0.2126 -0.1699  0.0917 -0.0213 -0.0170
   89   O   Ox1   89  0.5082 -0.0799  0.7754  0.0508 -0.0080  0.0775
   89   O   Ox2   89  0.0162 -0.6135  0.1721  0.0016 -0.0613  0.0172
   90   O   Ox1   90 -0.6141 -0.7311  0.4787 -0.0614 -0.0731  0.0479
   90   O   Ox2   90  0.2976  0.5524  0.3239  0.0298  0.0552  0.0324
   91   O   Ox1   91  0.1951 -0.1159  1.1545  0.0195 -0.0116  0.1155
   91   O   Ox2   91  0.5147 -0.1241  2.2592  0.0515 -0.0124  0.2259
   92   O   Ox1   92 -0.1792 -0.5252  0.7567 -0.0179 -0.0525  0.0757
   92   O   Ox2   92  0.2556 -0.1388  0.8525  0.0256 -0.0139  0.0853
   93   O   Ox1   93 -0.8094 -0.8363 -0.1373 -0.0809 -0.0836 -0.0137
   93   O   Ox2   93 -0.2414 -0.7230  0.7881 -0.0241 -0.0723  0.0788
   94   O   Ox1   94 -0.4588 -0.9433  0.4845 -0.0459 -0.0943  0.0485
   94   O   Ox2   94 -0.1670  0.2641 -0.1203 -0.0167  0.0264 -0.0120
   95   O   Ox1   95 -0.1944 -0.1390  0.1144 -0.0194 -0.0139  0.0114
   95   O   Ox2   95  0.7861  0.9250  0.5534  0.0786  0.0925  0.0553
   96   O   Ox1   96 -0.4720 -0.0764 -0.2087 -0.0472 -0.0076 -0.0209
   96   O   Ox2   96 -1.2923  0.9558 -0.7603 -0.1292  0.0956 -0.0760
   97   O   Ox1   97 -0.1817 -0.5386  0.3669 -0.0182 -0.0539  0.0367
   97   O   Ox2   97  0.8396  0.1318 -0.0998  0.0840  0.0132 -0.0100
   98   O   Ox1   98 -0.4937 -0.0556 -0.5540 -0.0494 -0.0056 -0.0554
   98   O   Ox2   98 -0.0993 -0.0075 -0.3007 -0.0099 -0.0007 -0.0301
   99   O   Ox1   99 -0.5261 -0.1691 -0.4426 -0.0526 -0.0169 -0.0443
   99   O   Ox2   99 -0.6943  0.4109 -0.1663 -0.0694  0.0411 -0.0166
  100   O   Ox1  100  0.1954 -0.2017 -0.1723  0.0195 -0.0202 -0.0172
  100   O   Ox2  100  0.2895 -0.1928  0.1657  0.0290 -0.0193  0.0166
  101   O   Ox1  101 -0.2716  1.1208  0.0035 -0.0272  0.1121  0.0003
  101   O   Ox2  101  0.3849  1.2966  0.3294  0.0385  0.1297  0.0329
  102   O   Ox1  102  0.1227 -1.0267 -0.2297  0.0123 -0.1027 -0.0230
  102   O   Ox2  102  0.2178 -1.3887  0.3509  0.0218 -0.1389  0.0351
  103   O   Ox1  103  0.6532 -0.3938  0.6308  0.0653 -0.0394  0.0631
  103   O   Ox2  103 -0.6393  0.6852  0.4654 -0.0639  0.0685  0.0465
  104   O   Ox1  104 -0.0109  0.4664  0.5905 -0.0011  0.0466  0.0590
  104   O   Ox2  104  0.7839  0.3749  0.0061  0.0784  0.0375  0.0006
  105   O   Ox1  105  0.1332  1.0890 -0.1204  0.0133  0.1089 -0.0120
  105   O   Ox2  105 -0.3840  0.9591  0.0914 -0.0384  0.0959  0.0091
  106   O   Ox1  106  0.7022 -0.4787 -0.2715  0.0702 -0.0479 -0.0272
  106   O   Ox2  106  0.6910 -0.1735 -0.2090  0.0691 -0.0174 -0.0209
  107   O   Ox1  107 -0.1703  0.3961  0.0687 -0.0170  0.0396  0.0069
  107   O   Ox2  107  0.4762  0.2238 -0.4176  0.0476  0.0224 -0.0418
  108   O   Ox1  108 -0.4948  0.1689  0.6268 -0.0495  0.0169  0.0627
  108   O   Ox2  108 -0.2029 -0.8412  0.7601 -0.0203 -0.0841  0.0760
  109   O   Ox1  109  0.6127 -0.2207 -0.3217  0.0613 -0.0221 -0.0322
  109   O   Ox2  109 -0.3133 -0.9002 -1.2589 -0.0313 -0.0900 -0.1259
  110   O   Ox1  110 -0.1044  0.1845  0.3290 -0.0104  0.0184  0.0329
  110   O   Ox2  110  0.6557 -0.6177  0.0934  0.0656 -0.0618  0.0093
  111   O   Ox1  111  0.3476  0.6426  0.0946  0.0348  0.0643  0.0095
  111   O   Ox2  111  0.6085  0.8499 -0.1717  0.0608  0.0850 -0.0172
  112   O   Ox1  112 -0.3943  0.0757 -0.3736 -0.0394  0.0076 -0.0374
  112   O   Ox2  112  0.2440 -0.0133 -0.2209  0.0244 -0.0013 -0.0221
  113   O   Ox1  113 -0.6998  0.2243  0.5593 -0.0700  0.0224  0.0559
  113   O   Ox2  113  0.1211  1.1109  0.7358  0.0121  0.1111  0.0736
  114   O   Ox1  114  1.0003 -0.0086 -0.3421  0.1000 -0.0009 -0.0342
  114   O   Ox2  114  0.5252 -0.2422  0.2768  0.0525 -0.0242  0.0277
  115   O   Ox1  115  1.4737 -0.5242  0.3014  0.1474 -0.0524  0.0301
  115   O   Ox2  115 -0.5824 -0.3051 -1.1073 -0.0582 -0.0305 -0.1107
  116   O   Ox1  116  0.1264 -1.1849 -0.6247  0.0126 -0.1185 -0.0625
  116   O   Ox2  116 -0.8016 -0.4873 -0.1061 -0.0802 -0.0487 -0.0106
  117   O   Ox1  117 -0.9443 -0.2413  0.6440 -0.0944 -0.0241  0.0644
  117   O   Ox2  117  1.0132  0.2026 -0.7159  0.1013  0.0203 -0.0716
  118   O   Ox1  118 -0.1198 -0.1973 -0.4058 -0.0120 -0.0197 -0.0406
  118   O   Ox2  118  0.2595 -0.5214  0.0306  0.0260 -0.0521  0.0031
  119   O   Ox1  119 -0.1540  0.1920 -0.6032 -0.0154  0.0192 -0.0603
  119   O   Ox2  119 -0.3923 -0.2603 -0.0825 -0.0392 -0.0260 -0.0082
  120   O   Ox1  120  0.1502  0.4996  0.0036  0.0150  0.0500  0.0004
  120   O   Ox2  120  0.7164  0.4106 -0.6510  0.0716  0.0411 -0.0651
  121   O   Ox1  121 -0.1431  0.1179  0.3818 -0.0143  0.0118  0.0382
  121   O   Ox2  121 -0.8888  0.5323  0.8000 -0.0889  0.0532  0.0800
  122   O   Ox1  122 -0.1535 -0.8412 -0.1968 -0.0153 -0.0841 -0.0197
  122   O   Ox2  122  0.1841  0.6015 -0.1082  0.0184  0.0601 -0.0108
  123   O   Ox1  123  0.0576 -0.2138 -0.9300  0.0058 -0.0214 -0.0930
  123   O   Ox2  123  0.4419 -0.2187 -0.4623  0.0442 -0.0219 -0.0462
  124   O   Ox1  124 -0.6466 -0.3720 -0.1373 -0.0647 -0.0372 -0.0137
  124   O   Ox2  124  0.0196  0.0643 -0.1626  0.0020  0.0064 -0.0163
  125   O   Ox1  125  0.1058 -0.0870  0.5071  0.0106 -0.0087  0.0507
  125   O   Ox2  125 -1.0197 -0.0241  1.0446 -0.1020 -0.0024  0.1045
  126   O   Ox1  126  0.2727 -0.7223 -0.0933  0.0273 -0.0722 -0.0093
  126   O   Ox2  126 -0.8378 -0.7067 -0.1878 -0.0838 -0.0707 -0.0188
  127   O   Ox1  127  0.2525  0.5380 -0.5065  0.0252  0.0538 -0.0507
  127   O   Ox2  127  0.4307 -0.5282 -0.1192  0.0431 -0.0528 -0.0119
  128   O   Ox1  128 -0.6085  0.9452 -0.1936 -0.0608  0.0945 -0.0194
  128   O   Ox2  128 -0.7184  0.5824 -0.4746 -0.0718  0.0582 -0.0475
  129   O   Ox1  129  0.3945 -0.1469  0.0674  0.0395 -0.0147  0.0067
  129   O   Ox2  129  0.3043 -0.6037 -0.5880  0.0304 -0.0604 -0.0588
  130   O   Ox1  130  0.2761  0.8358  0.4195  0.0276  0.0836  0.0420
  130   O   Ox2  130 -0.2230 -0.1706  0.1367 -0.0223 -0.0171  0.0137
  131   O   Ox1  131  0.7468 -0.1339 -0.1028  0.0747 -0.0134 -0.0103
  131   O   Ox2  131  0.0097 -0.1942  0.2461  0.0010 -0.0194  0.0246
  132   O   Ox1  132  0.5293  1.1591 -0.2618  0.0529  0.1159 -0.0262
  132   O   Ox2  132 -0.2635  0.7229 -0.2057 -0.0263  0.0723 -0.0206
  133   O   Ox1  133 -0.5004  0.2682  0.3472 -0.0500  0.0268  0.0347
  133   O   Ox2  133  0.0550 -0.4906 -0.0152  0.0055 -0.0491 -0.0015
  134   O   Ox1  134  0.3341  0.6366 -0.1853  0.0334  0.0637 -0.0185
  134   O   Ox2  134  0.3322  0.2652  0.0100  0.0332  0.0265  0.0010
  135   O   Ox1  135 -0.0860  0.0061 -0.4093 -0.0086  0.0006 -0.0409
  135   O   Ox2  135  0.0191 -0.7189 -0.6970  0.0019 -0.0719 -0.0697
  136   O   Ox1  136 -0.0743 -0.3198 -0.5398 -0.0074 -0.0320 -0.0540
  136   O   Ox2  136  0.1636 -0.0998 -0.2742  0.0164 -0.0100 -0.0274
  137   O   Ox1  137  0.3368  0.8102 -0.0158  0.0337  0.0810 -0.0016
  137   O   Ox2  137 -0.9880  0.5520  0.2315 -0.0988  0.0552  0.0232
  138   O   Ox1  138 -0.6808 -0.9381 -0.7663 -0.0681 -0.0938 -0.0766
  138   O   Ox2  138  0.6573  0.4898 -1.7376  0.0657  0.0490 -0.1738
  139   O   Ox1  139 -0.0977  0.5047 -1.1070 -0.0098  0.0505 -0.1107
  139   O   Ox2  139 -0.1464  0.0371 -0.7712 -0.0146  0.0037 -0.0771
  140   O   Ox1  140 -0.0007 -1.1705 -0.6056 -0.0001 -0.1170 -0.0606
  140   O   Ox2  140  0.2859 -0.4190 -0.9321  0.0286 -0.0419 -0.0932
  141   O   Ox1  141 -0.0649  0.1042 -0.2081 -0.0065  0.0104 -0.0208
  141   O   Ox2  141 -0.0590 -0.5602  0.0190 -0.0059 -0.0560  0.0019
  142   O   Ox1  142 -0.5906 -0.2769 -0.2717 -0.0591 -0.0277 -0.0272
  142   O   Ox2  142 -0.9628  0.1284 -0.8617 -0.0963  0.0128 -0.0862
  143   O   Ox1  143 -0.4706  0.1250 -0.4852 -0.0471  0.0125 -0.0485
  143   O   Ox2  143 -0.3032  0.3779 -0.5643 -0.0303  0.0378 -0.0564
  144   O   Ox1  144 -0.7378  0.0632 -0.8803 -0.0738  0.0063 -0.0880
  144   O   Ox2  144  0.2486  0.1206 -0.4417  0.0249  0.0121 -0.0442
  145   O   Ox1  145 -0.9007  0.1467  0.6147 -0.0901  0.0147  0.0615
  145   O   Ox2  145  0.1586 -0.2796  1.4225  0.0159 -0.0280  0.1423
  146   O   Ox1  146 -0.7394  0.0814  0.2515 -0.0739  0.0081  0.0252
  146   O   Ox2  146 -0.9385  0.4162  0.3806 -0.0939  0.0416  0.0381
  147   O   Ox1  147  0.7682 -0.4318  0.4241  0.0768 -0.0432  0.0424
  147   O   Ox2  147  0.4187  0.2915  0.4491  0.0419  0.0291  0.0449
  148   O   Ox1  148  0.1569  0.4935  0.3682  0.0157  0.0494  0.0368
  148   O   Ox2  148  0.7618  0.2532  0.0361  0.0762  0.0253  0.0036
  149   O   Ox1  149 -0.8873 -0.4897 -0.9087 -0.0887 -0.0490 -0.0909
  149   O   Ox2  149 -0.3275  0.3693 -0.0937 -0.0327  0.0369 -0.0094
  150   O   Ox1  150  0.9099  0.2320  0.6304  0.0910  0.0232  0.0630
  150   O   Ox2  150  0.9315  0.2816  0.7926  0.0931  0.0282  0.0793
  151   O   Ox1  151  0.2769  0.6513 -0.3346  0.0277  0.0651 -0.0335
  151   O   Ox2  151 -0.0735  0.4972 -0.6640 -0.0074  0.0497 -0.0664
  152   O   Ox1  152  0.1192 -0.0490 -0.3298  0.0119 -0.0049 -0.0330
  152   O   Ox2  152  0.0824  0.0750 -0.7360  0.0082  0.0075 -0.0736
  153   O   Ox1  153  1.0070  0.3097  0.0898  0.1007  0.0310  0.0090
  153   O   Ox2  153  0.2240  0.2467  0.0999  0.0224  0.0247  0.0100
  154   O   Ox1  154  0.0710  0.0213  0.4947  0.0071  0.0021  0.0495
  154   O   Ox2  154  0.2683 -0.3991  0.2151  0.0268 -0.0399  0.0215
  155   O   Ox1  155 -0.2075  0.0710 -0.1749 -0.0207  0.0071 -0.0175
  155   O   Ox2  155 -0.0155  0.7180 -0.0398 -0.0015  0.0718 -0.0040
  156   O   Ox1  156  0.5018  0.2341 -0.0978  0.0502  0.0234 -0.0098
  156   O   Ox2  156  0.6822  0.5194 -0.2314  0.0682  0.0519 -0.0231
  157   O   Ox1  157 -0.3838  0.4161  0.8177 -0.0384  0.0416  0.0818
  157   O   Ox2  157 -0.0009  0.6557 -0.6417 -0.0001  0.0656 -0.0642
  158   O   Ox1  158 -0.1297 -0.5570 -0.0961 -0.0130 -0.0557 -0.0096
  158   O   Ox2  158 -0.4618  0.2905 -0.4304 -0.0462  0.0291 -0.0430
  159   O   Ox1  159 -0.2173  0.2459  0.5550 -0.0217  0.0246  0.0555
  159   O   Ox2  159 -0.0466  0.3778  0.5562 -0.0047  0.0378  0.0556
  160   O   Ox1  160  0.4928  0.0445 -0.4130  0.0493  0.0045 -0.0413
  160   O   Ox2  160  0.0590  0.4953  0.4206  0.0059  0.0495  0.0421
  161   O   Ox1  161 -0.9329  0.1233  0.4990 -0.0933  0.0123  0.0499
  161   O   Ox2  161 -0.2337 -0.7869  0.3324 -0.0234 -0.0787  0.0332
  162   O   Ox1  162 -0.0154  0.8970 -0.0923 -0.0015  0.0897 -0.0092
  162   O   Ox2  162  0.2678  0.3822  0.5260  0.0268  0.0382  0.0526
  163   O   Ox1  163 -0.2929  0.8876 -0.3432 -0.0293  0.0888 -0.0343
  163   O   Ox2  163  0.1882 -0.6564  0.0448  0.0188 -0.0656  0.0045
  164   O   Ox1  164 -0.6595  0.0820 -0.4476 -0.0660  0.0082 -0.0448
  164   O   Ox2  164  0.3562  0.2946  0.3892  0.0356  0.0295  0.0389
  165   O   Ox1  165  0.1083  0.2313  0.2915  0.0108  0.0231  0.0291
  165   O   Ox2  165 -0.3702  0.3430 -0.0549 -0.0370  0.0343 -0.0055
  166   O   Ox1  166 -1.1389  0.0149  0.0592 -0.1139  0.0015  0.0059
  166   O   Ox2  166 -0.3039  0.1205 -0.0507 -0.0304  0.0120 -0.0051
  167   O   Ox1  167 -0.7508 -0.6739  0.8197 -0.0751 -0.0674  0.0820
  167   O   Ox2  167  0.8463  0.3889  0.6401  0.0846  0.0389  0.0640
  168   O   Ox1  168 -0.6302 -0.2462 -0.5869 -0.0630 -0.0246 -0.0587
  168   O   Ox2  168 -0.4253 -0.0686  0.6240 -0.0425 -0.0069  0.0624
  169   O   Ox1  169 -0.1039 -0.1555 -0.6785 -0.0104 -0.0155 -0.0678
  169   O   Ox2  169 -1.1623  0.0116 -0.4830 -0.1162  0.0012 -0.0483
  170   O   Ox1  170 -0.4123  0.2062  0.4713 -0.0412  0.0206  0.0471
  170   O   Ox2  170  0.4269 -1.2093  0.5380  0.0427 -0.1209  0.0538
  171   O   Ox1  171  0.2829 -0.1132  0.3333  0.0283 -0.0113  0.0333
  171   O   Ox2  171 -0.5641 -0.0917 -0.2152 -0.0564 -0.0092 -0.0215
  172   O   Ox1  172  0.3084  0.3628 -0.4445  0.0308  0.0363 -0.0445
  172   O   Ox2  172  0.6471  0.1904 -0.3582  0.0647  0.0190 -0.0358
  173   O   Ox1  173 -0.0393  0.5563  0.7448 -0.0039  0.0556  0.0745
  173   O   Ox2  173 -0.0977  0.4403 -0.0512 -0.0098  0.0440 -0.0051
  174   O   Ox1  174 -0.1217 -0.2822  0.1974 -0.0122 -0.0282  0.0197
  174   O   Ox2  174 -0.0242 -0.3251  0.4286 -0.0024 -0.0325  0.0429
  175   O   Ox1  175  0.1255 -0.6653  1.3810  0.0126 -0.0665  0.1381
  175   O   Ox2  175 -0.3902 -0.3016 -0.5284 -0.0390 -0.0302 -0.0528
  176   O   Ox1  176  0.1955 -0.9661 -0.2214  0.0196 -0.0966 -0.0221
  176   O   Ox2  176 -0.3290 -0.1314  0.1179 -0.0329 -0.0131  0.0118
  177   O   Ox1  177 -0.8853  0.3538 -0.4387 -0.0885  0.0354 -0.0439
  177   O   Ox2  177  0.1859 -0.5321 -0.1013  0.0186 -0.0532 -0.0101
  178   O   Ox1  178  0.2610 -0.1659 -0.0114  0.0261 -0.0166 -0.0011
  178   O   Ox2  178  0.2270  1.3723  0.2888  0.0227  0.1372  0.0289
  179   O   Ox1  179 -0.6611  1.3382  0.7411 -0.0661  0.1338  0.0741
  179   O   Ox2  179  0.3512  0.7178  0.2520  0.0351  0.0718  0.0252
  180   O   Ox1  180  0.4783 -0.1397  0.7363  0.0478 -0.0140  0.0736
  180   O   Ox2  180 -0.8463  0.9298  0.3846 -0.0846  0.0930  0.0385
  181   O   Ox1  181 -0.9868 -1.4326 -0.4700 -0.0987 -0.1433 -0.0470
  181   O   Ox2  181  0.6069 -1.2850 -0.4886  0.0607 -0.1285 -0.0489
  182   O   Ox1  182 -1.1761  0.9108  0.5845 -0.1176  0.0911  0.0584
  182   O   Ox2  182 -0.8755  1.0336 -0.4362 -0.0875  0.1034 -0.0436
  183   O   Ox1  183 -0.4009  0.2865 -0.7805 -0.0401  0.0287 -0.0781
  183   O   Ox2  183 -0.8399 -0.9505  0.2558 -0.0840 -0.0950  0.0256
  184   O   Ox1  184  0.6164 -0.3893  0.5250  0.0616 -0.0389  0.0525
  184   O   Ox2  184 -0.2890 -1.3513  0.2993 -0.0289 -0.1351  0.0299
  185   O   Ox1  185 -0.2910 -0.0877  0.1936 -0.0291 -0.0088  0.0194
  185   O   Ox2  185  0.4475  0.5065  0.9360  0.0447  0.0506  0.0936
  186   O   Ox1  186 -0.4823 -0.9131  0.2272 -0.0482 -0.0913  0.0227
  186   O   Ox2  186 -0.6651 -0.2978  1.4189 -0.0665 -0.0298  0.1419
  187   O   Ox1  187  0.8239  0.3851  0.3036  0.0824  0.0385  0.0304
  187   O   Ox2  187  0.6789 -0.4318  0.0157  0.0679 -0.0432  0.0016
  188   O   Ox1  188 -0.2729 -0.1790 -0.6221 -0.0273 -0.0179 -0.0622
  188   O   Ox2  188  0.6729 -0.4835 -0.1285  0.0673 -0.0484 -0.0129
  189   O   Ox1  189 -1.2932 -0.0823 -0.4598 -0.1293 -0.0082 -0.0460
  189   O   Ox2  189  0.4075  0.4200 -0.3213  0.0408  0.0420 -0.0321
  190   O   Ox1  190  0.5880 -0.5462  0.2597  0.0588 -0.0546  0.0260
  190   O   Ox2  190  0.4504  0.2853 -0.5926  0.0450  0.0285 -0.0593
  191   O   Ox1  191  0.7224 -0.3651 -0.0918  0.0722 -0.0365 -0.0092
  191   O   Ox2  191  0.0137 -0.0214  0.8224  0.0014 -0.0021  0.0822
  192   O   Ox1  192  0.0359 -0.5502  0.5342  0.0036 -0.0550  0.0534
  192   O   Ox2  192  0.5986 -0.4136 -0.4451  0.0599 -0.0414 -0.0445
  193   O   Ox1  193 -0.5889  0.8093 -0.3705 -0.0589  0.0809 -0.0371
  193   O   Ox2  193 -0.2826  0.1387 -0.2115 -0.0283  0.0139 -0.0211
  194   O   Ox1  194  0.2428 -0.4667  0.0661  0.0243 -0.0467  0.0066
  194   O   Ox2  194 -0.1191 -0.7173  0.1289 -0.0119 -0.0717  0.0129
  195   O   Ox1  195 -0.5249  0.4538 -0.7003 -0.0525  0.0454 -0.0700
  195   O   Ox2  195  0.1386 -0.1254 -0.7060  0.0139 -0.0125 -0.0706
  196   O   Ox1  196  0.1554  0.7853 -0.0846  0.0155  0.0785 -0.0085
  196   O   Ox2  196  0.1014  0.3946  0.0109  0.0101  0.0395  0.0011
  197   O   Ox1  197  0.3593  0.2647  0.0448  0.0359  0.0265  0.0045
  197   O   Ox2  197  0.2900 -0.3776  0.5144  0.0290 -0.0378  0.0514
  198   O   Ox1  198 -0.8636  0.0717 -0.2183 -0.0864  0.0072 -0.0218
  198   O   Ox2  198 -0.6477 -0.0727 -0.3123 -0.0648 -0.0073 -0.0312
  199   O   Ox1  199  0.4777 -0.9773  0.5625  0.0478 -0.0977  0.0562
  199   O   Ox2  199 -0.3330  0.1282 -0.3988 -0.0333  0.0128 -0.0399
  200   O   Ox1  200  1.6188 -1.1390 -0.1129  0.1619 -0.1139 -0.0113
  200   O   Ox2  200 -0.1802  0.6058 -0.2451 -0.0180  0.0606 -0.0245
  201   O   Ox1  201  0.5895 -0.6084 -0.4380  0.0589 -0.0608 -0.0438
  201   O   Ox2  201  0.1783 -1.2565  0.3628  0.0178 -0.1257  0.0363
  202   O   Ox1  202 -0.0265 -0.7986 -0.1367 -0.0027 -0.0799 -0.0137
  202   O   Ox2  202  0.2022 -0.7910 -0.2425  0.0202 -0.0791 -0.0242
  203   O   Ox1  203 -0.5411 -0.0493  0.1642 -0.0541 -0.0049  0.0164
  203   O   Ox2  203 -1.3828  0.9610 -0.3848 -0.1383  0.0961 -0.0385
  204   O   Ox1  204  0.0210  0.7382 -0.0881  0.0021  0.0738 -0.0088
  204   O   Ox2  204  0.4205  0.5415 -0.2840  0.0420  0.0542 -0.0284
  205   O   Ox1  205 -0.7680  1.2647  0.4314 -0.0768  0.1265  0.0431
  205   O   Ox2  205 -1.0822 -0.9541 -0.7907 -0.1082 -0.0954 -0.0791
  206   O   Ox1  206  0.2641  0.2682  0.4833  0.0264  0.0268  0.0483
  206   O   Ox2  206  0.2620  0.3098 -0.0212  0.0262  0.0310 -0.0021
  207   O   Ox1  207  0.3638  0.3471 -0.4173  0.0364  0.0347 -0.0417
  207   O   Ox2  207 -0.8233 -0.8699  0.3234 -0.0823 -0.0870  0.0323
  208   O   Ox1  208 -0.0235  0.0922 -0.8486 -0.0023  0.0092 -0.0849
  208   O   Ox2  208 -0.3212  0.2221 -0.2489 -0.0321  0.0222 -0.0249
  209   O   Ox1  209 -0.0564  0.5068  0.0314 -0.0056  0.0507  0.0031
  209   O   Ox2  209 -0.2976  0.0520 -0.3076 -0.0298  0.0052 -0.0308
  210   O   Ox1  210  0.1016  0.5276  0.7040  0.0102  0.0528  0.0704
  210   O   Ox2  210  0.6255 -0.1418 -0.7432  0.0625 -0.0142 -0.0743
  211   O   Ox1  211  0.1317 -0.4390  0.2225  0.0132 -0.0439  0.0222
  211   O   Ox2  211 -0.0730 -0.2629  0.2886 -0.0073 -0.0263  0.0289
  212   O   Ox1  212  0.1809 -0.1758  0.4257  0.0181 -0.0176  0.0426
  212   O   Ox2  212 -0.2430  0.1835 -0.0480 -0.0243  0.0183 -0.0048
  213   O   Ox1  213 -0.0565 -0.7276 -0.0841 -0.0056 -0.0728 -0.0084
  213   O   Ox2  213  0.7357 -0.0683 -0.1001  0.0736 -0.0068 -0.0100
  214   O   Ox1  214 -0.4285 -0.2044  0.2326 -0.0428 -0.0204  0.0233
  214   O   Ox2  214 -0.0229  0.8287  0.3451 -0.0023  0.0829  0.0345
  215   O   Ox1  215  0.6590 -0.5443 -0.3112  0.0659 -0.0544 -0.0311
  215   O   Ox2  215 -0.5042 -0.1477  0.4929 -0.0504 -0.0148  0.0493
  216   O   Ox1  216  1.0354 -0.0053  0.4045  0.1035 -0.0005  0.0405
  216   O   Ox2  216  0.2196 -0.2968 -0.5022  0.0220 -0.0297 -0.0502
  217   O   Ox1  217  0.6416 -0.1143 -0.5018  0.0642 -0.0114 -0.0502
  217   O   Ox2  217 -0.0580  0.0494  0.9060 -0.0058  0.0049  0.0906
  218   O   Ox1  218 -0.8880  0.2322 -0.2062 -0.0888  0.0232 -0.0206
  218   O   Ox2  218 -0.3944  0.0855 -0.0189 -0.0394  0.0085 -0.0019
  219   O   Ox1  219  0.0260 -0.2756  0.9444  0.0026 -0.0276  0.0944
  219   O   Ox2  219  0.4540  0.0266 -0.1426  0.0454  0.0027 -0.0143
  220   O   Ox1  220  1.1867  0.1085  0.1213  0.1187  0.0109  0.0121
  220   O   Ox2  220  0.8865  0.2040  0.4283  0.0887  0.0204  0.0428
  221   O   Ox1  221  1.0514 -1.1224  0.1722  0.1051 -0.1122  0.0172
  221   O   Ox2  221  0.1660 -0.8390 -0.0162  0.0166 -0.0839 -0.0016
  222   O   Ox1  222 -0.1059  0.1809  0.0887 -0.0106  0.0181  0.0089
  222   O   Ox2  222 -0.1725  0.7987 -0.4271 -0.0173  0.0799 -0.0427
  223   O   Ox1  223  0.0542  0.0227 -0.0873  0.0054  0.0023 -0.0087
  223   O   Ox2  223 -0.3613  0.2784  0.0869 -0.0361  0.0278  0.0087
  224   O   Ox1  224 -0.4107 -0.0916  0.4667 -0.0411 -0.0092  0.0467
  224   O   Ox2  224 -0.6699  1.0772  0.1674 -0.0670  0.1077  0.0167
  225   O   Ox1  225  0.2678 -1.0257  0.6967  0.0268 -0.1026  0.0697
  225   O   Ox2  225 -1.2068  0.2455 -0.2760 -0.1207  0.0246 -0.0276
  226   O   Ox1  226  0.2058  0.5119  0.0693  0.0206  0.0512  0.0069
  226   O   Ox2  226 -0.2716  1.0495  0.8929 -0.0272  0.1049  0.0893
  227   O   Ox1  227  0.0031  0.2931  0.6072  0.0003  0.0293  0.0607
  227   O   Ox2  227  0.6305  0.6142 -0.2614  0.0630  0.0614 -0.0261
  228   O   Ox1  228  0.0882 -0.2405  0.8027  0.0088 -0.0241  0.0803
  228   O   Ox2  228 -0.1916 -0.0870  1.1437 -0.0192 -0.0087  0.1144
  229   O   Ox1  229 -0.0702 -0.2520  0.1376 -0.0070 -0.0252  0.0138
  229   O   Ox2  229 -0.0680 -0.2640  0.2050 -0.0068 -0.0264  0.0205
  230   O   Ox1  230  0.5170  0.3653  0.0998  0.0517  0.0365  0.0100
  230   O   Ox2  230  0.2271 -0.0365 -0.0709  0.0227 -0.0036 -0.0071
  231   O   Ox1  231  0.3044  0.6877 -0.2924  0.0304  0.0688 -0.0292
  231   O   Ox2  231  0.4161 -0.1609  0.0947  0.0416 -0.0161  0.0095
  232   O   Ox1  232  0.5723  0.7412 -0.6974  0.0572  0.0741 -0.0697
  232   O   Ox2  232  0.9425 -0.2497 -0.2478  0.0943 -0.0250 -0.0248
  233   O   Ox1  233  1.6519  0.6846  0.4386  0.1652  0.0685  0.0439
  233   O   Ox2  233  0.3844 -0.7159 -0.4010  0.0384 -0.0716 -0.0401
  234   O   Ox1  234  0.6475 -1.1039 -0.1878  0.0648 -0.1104 -0.0188
  234   O   Ox2  234  0.9321 -1.1525  0.6206  0.0932 -0.1153  0.0621
  235   O   Ox1  235 -0.0912  0.0912  0.5991 -0.0091  0.0091  0.0599
  235   O   Ox2  235  0.1839  0.3429  0.2009  0.0184  0.0343  0.0201
  236   O   Ox1  236 -0.4865  0.2776 -0.4991 -0.0486  0.0278 -0.0499
  236   O   Ox2  236  0.5842 -0.3258 -0.1020  0.0584 -0.0326 -0.0102
  237   O   Ox1  237  0.7311  0.3645 -0.5672  0.0731  0.0365 -0.0567
  237   O   Ox2  237  0.6653  0.3846 -0.6831  0.0665  0.0385 -0.0683
  238   O   Ox1  238 -0.6851 -0.0091 -0.1131 -0.0685 -0.0009 -0.0113
  238   O   Ox2  238 -0.0338  0.4366 -0.1919 -0.0034  0.0437 -0.0192
  239   O   Ox1  239  0.0395 -0.5396 -0.0843  0.0039 -0.0540 -0.0084
  239   O   Ox2  239  0.7937 -0.2272 -0.0471  0.0794 -0.0227 -0.0047
  240   O   Ox1  240  0.4482  0.0382  0.8947  0.0448  0.0038  0.0895
  240   O   Ox2  240  0.4356 -0.2128 -0.4823  0.0436 -0.0213 -0.0482
  241   O   Ox1  241  0.4766  0.1091  0.0725  0.0477  0.0109  0.0072
  241   O   Ox2  241  0.6521 -0.5993 -0.2507  0.0652 -0.0599 -0.0251
  242   O   Ox1  242  0.3734 -0.2009 -0.0219  0.0373 -0.0201 -0.0022
  242   O   Ox2  242  0.1329 -0.4781 -0.2056  0.0133 -0.0478 -0.0206
  243   O   Ox1  243 -0.1414 -0.2147  0.8925 -0.0141 -0.0215  0.0892
  243   O   Ox2  243 -1.2917  0.4914 -0.0739 -0.1292  0.0491 -0.0074
  244   O   Ox1  244 -0.5354  0.6150  0.4541 -0.0535  0.0615  0.0454
  244   O   Ox2  244 -0.1029  0.2368 -0.0065 -0.0103  0.0237 -0.0007
  245   O   Ox1  245 -0.4716  0.3023 -0.1945 -0.0472  0.0302 -0.0194
  245   O   Ox2  245 -0.0175  0.8268  0.7578 -0.0018  0.0827  0.0758
  246   O   Ox1  246  0.1400 -0.5291  0.2983  0.0140 -0.0529  0.0298
  246   O   Ox2  246  0.3640  0.2064 -0.6078  0.0364  0.0206 -0.0608
  247   O   Ox1  247  0.2619  0.2110  0.0920  0.0262  0.0211  0.0092
  247   O   Ox2  247  0.6241 -0.2149  0.0173  0.0624 -0.0215  0.0017
  248   O   Ox1  248 -0.4004  0.3006  0.3710 -0.0400  0.0301  0.0371
  248   O   Ox2  248 -0.6426 -0.3410 -0.1183 -0.0643 -0.0341 -0.0118
  249   O   Ox1  249 -0.2833 -1.2466  1.0128 -0.0283 -0.1247  0.1013
  249   O   Ox2  249  0.2260  0.7538  0.3285  0.0226  0.0754  0.0329
  250   O   Ox1  250 -0.3458 -0.0467 -0.7059 -0.0346 -0.0047 -0.0706
  250   O   Ox2  250  0.2489 -0.0137  0.8175  0.0249 -0.0014  0.0817
  251   O   Ox1  251 -0.2790  0.6516  0.0116 -0.0279  0.0652  0.0012
  251   O   Ox2  251  0.2533  0.2870  0.1006  0.0253  0.0287  0.0101
  252   O   Ox1  252  0.9331  0.6536  0.0094  0.0933  0.0654  0.0009
  252   O   Ox2  252  0.9316  0.5688 -0.0921  0.0932  0.0569 -0.0092
  253   O   Ox1  253  0.5003 -0.1888  0.0392  0.0500 -0.0189  0.0039
  253   O   Ox2  253  0.0964  0.1871  0.0719  0.0096  0.0187  0.0072
  254   O   Ox1  254  0.0375 -0.4500  0.3582  0.0038 -0.0450  0.0358
  254   O   Ox2  254 -0.0692 -0.3001  0.1577 -0.0069 -0.0300  0.0158
  255   O   Ox1  255  0.8560  0.3960 -0.0915  0.0856  0.0396 -0.0091
  255   O   Ox2  255  0.6861  0.1926  0.1817  0.0686  0.0193  0.0182
  256   O   Ox1  256  0.3961  0.0823  0.1407  0.0396  0.0082  0.0141
  256   O   Ox2  256  0.7743  0.1815 -0.5404  0.0774  0.0181 -0.0540
  257   O   Ox1  257 -0.0654 -0.2860  0.2754 -0.0065 -0.0286  0.0275
  257   O   Ox2  257 -0.6456  0.7849  0.0613 -0.0646  0.0785  0.0061
  258   O   Ox1  258 -0.7874  0.6154  0.0408 -0.0787  0.0615  0.0041
  258   O   Ox2  258  0.3952  0.7899 -0.3146  0.0395  0.0790 -0.0315
  259   O   Ox1  259 -0.2218  0.6439  0.1307 -0.0222  0.0644  0.0131
  259   O   Ox2  259 -0.0636  0.4158  0.3515 -0.0064  0.0416  0.0351
  260   O   Ox1  260  0.6954 -0.0957  0.3389  0.0695 -0.0096  0.0339
  260   O   Ox2  260  0.4150 -0.3312  0.0494  0.0415 -0.0331  0.0049
  261   O   Ox1  261 -0.1985  0.8027  0.8996 -0.0198  0.0803  0.0900
  261   O   Ox2  261 -0.5875  0.2370  0.2265 -0.0587  0.0237  0.0227
  262   O   Ox1  262 -0.7744 -0.8876 -0.6527 -0.0774 -0.0888 -0.0653
  262   O   Ox2  262  0.5712  0.1341 -0.8294  0.0571  0.0134 -0.0829
  263   O   Ox1  263  0.1859  0.1328  0.5593  0.0186  0.0133  0.0559
  263   O   Ox2  263 -0.2206  0.0998  0.6414 -0.0221  0.0100  0.0641
  264   O   Ox1  264 -0.1301  0.4361 -0.6197 -0.0130  0.0436 -0.0620
  264   O   Ox2  264  0.8900 -0.2505 -0.1047  0.0890 -0.0251 -0.0105
  265   O   Ox1  265 -0.1888  0.1996 -0.1528 -0.0189  0.0200 -0.0153
  265   O   Ox2  265 -0.2379 -0.0880 -0.0309 -0.0238 -0.0088 -0.0031
  266   O   Ox1  266  0.0098  0.3992  1.0465  0.0010  0.0399  0.1047
  266   O   Ox2  266 -0.1573 -0.0767  0.9179 -0.0157 -0.0077  0.0918
  267   O   Ox1  267 -0.5021  0.4171  0.3898 -0.0502  0.0417  0.0390
  267   O   Ox2  267 -0.8028 -0.1261  0.2888 -0.0803 -0.0126  0.0289
  268   O   Ox1  268  0.4001  0.4881 -0.9266  0.0400  0.0488 -0.0927
  268   O   Ox2  268 -1.1641 -1.4463  0.5547 -0.1164 -0.1446  0.0555
  269   O   Ox1  269 -0.8283 -0.7940 -0.1237 -0.0828 -0.0794 -0.0124
  269   O   Ox2  269  0.5075 -0.2483 -0.8193  0.0508 -0.0248 -0.0819
  270   O   Ox1  270  0.2737 -0.4589  0.5152  0.0274 -0.0459  0.0515
  270   O   Ox2  270  0.6107  1.0353  0.0285  0.0611  0.1035  0.0029
  271   O   Ox1  271  0.1319 -0.4907  1.0040  0.0132 -0.0491  0.1004
  271   O   Ox2  271  0.7875 -0.5172  0.5405  0.0787 -0.0517  0.0541
  272   O   Ox1  272  1.0230 -0.2307 -0.2472  0.1023 -0.0231 -0.0247
  272   O   Ox2  272  0.2482 -0.3648 -0.0027  0.0248 -0.0365 -0.0003
  273   O   Ox1  273 -0.2387  0.2058 -0.6404 -0.0239  0.0206 -0.0640
  273   O   Ox2  273  0.1489 -0.0523 -1.3552  0.0149 -0.0052 -0.1355
  274   O   Ox1  274  0.9822  0.3665 -0.7269  0.0982  0.0366 -0.0727
  274   O   Ox2  274 -0.0955  0.0353  0.6166 -0.0095  0.0035  0.0617
  275   O   Ox1  275 -0.6045 -0.2519  0.4995 -0.0604 -0.0252  0.0500
  275   O   Ox2  275 -0.7113 -0.7581 -0.2616 -0.0711 -0.0758 -0.0262
  276   O   Ox1  276 -0.3835  0.3325  0.1784 -0.0384  0.0333  0.0178
  276   O   Ox2  276 -0.5082  0.2010  0.0480 -0.0508  0.0201  0.0048
  277   O   Ox1  277 -0.4672 -0.6973 -0.9105 -0.0467 -0.0697 -0.0910
  277   O   Ox2  277  0.0086  0.8383 -0.1702  0.0009  0.0838 -0.0170
  278   O   Ox1  278 -0.2129 -0.6882  0.1431 -0.0213 -0.0688  0.0143
  278   O   Ox2  278  0.0717 -0.6295  0.0134  0.0072 -0.0630  0.0013
  279   O   Ox1  279 -0.8529  0.7298 -0.3019 -0.0853  0.0730 -0.0302
  279   O   Ox2  279 -0.9226  0.8169  0.7314 -0.0923  0.0817  0.0731
  280   O   Ox1  280 -0.7434 -1.4454  0.4277 -0.0743 -0.1445  0.0428
  280   O   Ox2  280 -0.1262 -1.3133  0.1792 -0.0126 -0.1313  0.0179
  281   O   Ox1  281 -0.7392 -0.5794  0.1669 -0.0739 -0.0579  0.0167
  281   O   Ox2  281 -0.7806  0.3349  0.1884 -0.0781  0.0335  0.0188
  282   O   Ox1  282 -0.4589  0.0371 -0.2090 -0.0459  0.0037 -0.0209
  282   O   Ox2  282 -0.1519  0.9689 -1.0957 -0.0152  0.0969 -0.1096
  283   O   Ox1  283 -1.2996 -0.6396 -0.5047 -0.1300 -0.0640 -0.0505
  283   O   Ox2  283 -1.0670 -0.1976 -0.5592 -0.1067 -0.0198 -0.0559
  284   O   Ox1  284 -0.8986 -0.1652  0.3260 -0.0899 -0.0165  0.0326
  284   O   Ox2  284 -0.4463  0.2489  0.3713 -0.0446  0.0249  0.0371
  285   O   Ox1  285 -0.0309  0.9526 -0.1090 -0.0031  0.0953 -0.0109
  285   O   Ox2  285  0.3162  0.8883 -0.0769  0.0316  0.0888 -0.0077
  286   O   Ox1  286 -0.0155 -1.3744  0.1724 -0.0016 -0.1374  0.0172
  286   O   Ox2  286  0.3896 -0.2371 -0.4336  0.0390 -0.0237 -0.0434
  287   O   Ox1  287  0.3537  0.5134  0.5087  0.0354  0.0513  0.0509
  287   O   Ox2  287 -0.2814 -0.4223  0.4609 -0.0281 -0.0422  0.0461
  288   O   Ox1  288 -0.2041  0.1326  0.5889 -0.0204  0.0133  0.0589
  288   O   Ox2  288 -0.8630  0.9548 -1.1581 -0.0863  0.0955 -0.1158
  289   O   Ox1  289  0.7897  0.3747  0.3612  0.0790  0.0375  0.0361
  289   O   Ox2  289 -0.6953 -0.4890  0.3529 -0.0695 -0.0489  0.0353
  290   O   Ox1  290 -0.5445  0.1058 -0.1546 -0.0544  0.0106 -0.0155
  290   O   Ox2  290 -0.1830  0.5070 -0.9343 -0.0183  0.0507 -0.0934
  291   O   Ox1  291  0.5305  0.4062  0.3355  0.0530  0.0406  0.0335
  291   O   Ox2  291  0.4390  1.0544 -0.2229  0.0439  0.1054 -0.0223
  292   O   Ox1  292  0.3000  0.0125  0.7464  0.0300  0.0013  0.0746
  292   O   Ox2  292  0.1874 -0.0895  0.3155  0.0187 -0.0090  0.0316
  293   O   Ox1  293  0.8108  0.7763  0.9970  0.0811  0.0776  0.0997
  293   O   Ox2  293  0.2114 -0.3126 -0.9476  0.0211 -0.0313 -0.0948
  294   O   Ox1  294 -0.0761  0.0139 -0.8688 -0.0076  0.0014 -0.0869
  294   O   Ox2  294  0.4656 -0.3209  1.0152  0.0466 -0.0321  0.1015
  295   O   Ox1  295  0.8010  0.0589 -0.0471  0.0801  0.0059 -0.0047
  295   O   Ox2  295 -0.5608  0.0034  0.3385 -0.0561  0.0003  0.0338
  296   O   Ox1  296  0.0962 -0.9725  0.1618  0.0096 -0.0973  0.0162
  296   O   Ox2  296 -0.0190 -0.1337  0.0978 -0.0019 -0.0134  0.0098
  297   O   Ox1  297  0.7542 -0.1226 -0.1965  0.0754 -0.0123 -0.0197
  297   O   Ox2  297  0.1782  0.4009  0.7041  0.0178  0.0401  0.0704
  298   O   Ox1  298 -0.3773  0.6133 -0.9536 -0.0377  0.0613 -0.0954
  298   O   Ox2  298 -0.3054 -0.3631 -1.1554 -0.0305 -0.0363 -0.1155
  299   O   Ox1  299 -0.3363  0.5984  0.6029 -0.0336  0.0598  0.0603
  299   O   Ox2  299  0.1770 -0.5828  0.5181  0.0177 -0.0583  0.0518
  300   O   Ox1  300 -0.2536  0.4434 -0.0155 -0.0254  0.0443 -0.0015
  300   O   Ox2  300  0.5921 -1.0219 -0.8634  0.0592 -0.1022 -0.0863
  301   O   Ox1  301 -0.1056 -0.1751  0.1937 -0.0106 -0.0175  0.0194
  301   O   Ox2  301  0.7628  0.3846  0.0750  0.0763  0.0385  0.0075
  302   O   Ox1  302  0.3346 -0.1321  0.4937  0.0335 -0.0132  0.0494
  302   O   Ox2  302  0.1768  0.1712  0.2220  0.0177  0.0171  0.0222
  303   O   Ox1  303 -0.5804  0.8349 -0.1210 -0.0580  0.0835 -0.0121
  303   O   Ox2  303 -0.2392 -0.6969 -0.8761 -0.0239 -0.0697 -0.0876
  304   O   Ox1  304 -0.3306  0.0245 -0.0097 -0.0331  0.0024 -0.0010
  304   O   Ox2  304  1.2002 -0.2416 -0.1840  0.1200 -0.0242 -0.0184
  305   O   Ox1  305  0.9813  0.1527  0.0673  0.0981  0.0153  0.0067
  305   O   Ox2  305  0.9540  0.0734 -0.4668  0.0954  0.0073 -0.0467
  306   O   Ox1  306  1.2360 -0.4620 -0.0067  0.1236 -0.0462 -0.0007
  306   O   Ox2  306  0.4140  0.0620  0.7802  0.0414  0.0062  0.0780
  307   O   Ox1  307  0.4708 -0.6205 -0.0760  0.0471 -0.0621 -0.0076
  307   O   Ox2  307  0.2526 -0.0986  0.4910  0.0253 -0.0099  0.0491
  308   O   Ox1  308  0.5510  0.3884 -0.5172  0.0551  0.0388 -0.0517
  308   O   Ox2  308  0.9555  0.3869 -0.9476  0.0956  0.0387 -0.0948
  309   O   Ox1  309  0.0701 -0.0015 -0.3554  0.0070 -0.0001 -0.0355
  309   O   Ox2  309 -0.4804 -0.0311  0.1956 -0.0480 -0.0031  0.0196
  310   O   Ox1  310 -0.4681  0.4680 -0.7504 -0.0468  0.0468 -0.0750
  310   O   Ox2  310 -0.3817  0.3057 -0.6152 -0.0382  0.0306 -0.0615
  311   O   Ox1  311 -0.4500 -0.3726  0.6005 -0.0450 -0.0373  0.0600
  311   O   Ox2  311  0.3004  0.8657 -0.0536  0.0300  0.0866 -0.0054
  312   O   Ox1  312 -0.1222 -0.0663  0.0704 -0.0122 -0.0066  0.0070
  312   O   Ox2  312  1.0197  0.8990 -1.6911  0.1020  0.0899 -0.1691
  313   O   Ox1  313  0.2935  0.6265 -0.7500  0.0293  0.0627 -0.0750
  313   O   Ox2  313 -0.3094  0.5705 -0.1436 -0.0309  0.0570 -0.0144
  314   O   Ox1  314  0.0123 -0.0919 -0.2915  0.0012 -0.0092 -0.0292
  314   O   Ox2  314  0.2746  0.5264 -0.3991  0.0275  0.0526 -0.0399
  315   O   Ox1  315 -0.3574 -0.1699 -0.1929 -0.0357 -0.0170 -0.0193
  315   O   Ox2  315 -0.3504 -0.3064  1.1450 -0.0350 -0.0306  0.1145
  316   O   Ox1  316 -0.5838 -0.3478 -0.0812 -0.0584 -0.0348 -0.0081
  316   O   Ox2  316 -0.3486  0.1791 -0.2064 -0.0349  0.0179 -0.0206
  317   O   Ox1  317  0.8037  0.1217 -0.0475  0.0804  0.0122 -0.0048
  317   O   Ox2  317  0.6526  0.4864  0.3963  0.0653  0.0486  0.0396
  318   O   Ox1  318 -0.6975 -0.4322 -0.8325 -0.0697 -0.0432 -0.0832
  318   O   Ox2  318  0.6886 -0.9963  0.0468  0.0689 -0.0996  0.0047
  319   O   Ox1  319  0.0227 -0.6455 -1.8229  0.0023 -0.0645 -0.1823
  319   O   Ox2  319  0.2104 -0.1191  0.1279  0.0210 -0.0119  0.0128
  320   O   Ox1  320 -0.3051 -0.7037 -0.1140 -0.0305 -0.0704 -0.0114
  320   O   Ox2  320  0.2394 -0.4870  0.3311  0.0239 -0.0487  0.0331
  321   O   Ox1  321  0.6129 -0.5870 -0.1404  0.0613 -0.0587 -0.0140
  321   O   Ox2  321  0.3501 -0.6233  0.0785  0.0350 -0.0623  0.0078
  322   O   Ox1  322 -0.6173 -0.1408  0.2901 -0.0617 -0.0141  0.0290
  322   O   Ox2  322  0.0123 -0.7128  0.1148  0.0012 -0.0713  0.0115
  323   O   Ox1  323  0.0694  0.1116 -0.5228  0.0069  0.0112 -0.0523
  323   O   Ox2  323  0.0670  0.1150  0.1178  0.0067  0.0115  0.0118
  324   O   Ox1  324  0.3277 -0.6226 -1.2106  0.0328 -0.0623 -0.1211
  324   O   Ox2  324  0.6178 -0.2917 -1.4406  0.0618 -0.0292 -0.1441
  325   O   Ox1  325  0.3522 -1.0367 -0.9532  0.0352 -0.1037 -0.0953
  325   O   Ox2  325 -0.2231 -0.7703 -0.6637 -0.0223 -0.0770 -0.0664
  326   O   Ox1  326 -0.9555  0.1472  0.3974 -0.0956  0.0147  0.0397
  326   O   Ox2  326  0.0244 -0.2565  0.1489  0.0024 -0.0257  0.0149
  327   O   Ox1  327 -0.2388 -0.4198 -0.3069 -0.0239 -0.0420 -0.0307
  327   O   Ox2  327  0.6161 -0.4560  0.6242  0.0616 -0.0456  0.0624
  328   O   Ox1  328  0.5802  0.5280  0.2343  0.0580  0.0528  0.0234
  328   O   Ox2  328  0.1797 -0.9245  0.4500  0.0180 -0.0924  0.0450
  329   O   Ox1  329  0.5150  0.3103  0.7145  0.0515  0.0310  0.0715
  329   O   Ox2  329 -0.1851 -0.4186  0.2714 -0.0185 -0.0419  0.0271
  330   O   Ox1  330  0.4092  0.5227  0.5415  0.0409  0.0523  0.0542
  330   O   Ox2  330  0.1362 -0.2345 -0.2384  0.0136 -0.0234 -0.0238
  331   O   Ox1  331 -0.1534  0.1229 -0.1704 -0.0153  0.0123 -0.0170
  331   O   Ox2  331 -0.5541  0.0106 -0.1121 -0.0554  0.0011 -0.0112
  332   O   Ox1  332  0.2780  0.3249 -0.6470  0.0278  0.0325 -0.0647
  332   O   Ox2  332  0.7323  0.3306 -0.0658  0.0732  0.0331 -0.0066
  333   O   Ox1  333 -0.1862  0.3198  0.6080 -0.0186  0.0320  0.0608
  333   O   Ox2  333  1.0358  0.5252  0.7275  0.1036  0.0525  0.0727
  334   O   Ox1  334  0.2413 -0.3601 -0.0762  0.0241 -0.0360 -0.0076
  334   O   Ox2  334  0.2377 -0.3174 -0.1847  0.0238 -0.0317 -0.0185
  335   O   Ox1  335  0.0819 -0.5067  0.6875  0.0082 -0.0507  0.0688
  335   O   Ox2  335 -0.1521  0.3973 -0.7354 -0.0152  0.0397 -0.0735
  336   O   Ox1  336 -0.0731 -0.2233 -0.0533 -0.0073 -0.0223 -0.0053
  336   O   Ox2  336 -0.1283 -0.2448 -0.1624 -0.0128 -0.0245 -0.0162
  337   O   Ox1  337  0.3808 -0.0698  0.2953  0.0381 -0.0070  0.0295
  337   O   Ox2  337 -0.4216  1.4036  0.4612 -0.0422  0.1404  0.0461
  338   O   Ox1  338  0.2379  0.5032  0.2226  0.0238  0.0503  0.0223
  338   O   Ox2  338  1.4729  0.4718  0.1220  0.1473  0.0472  0.0122
  339   O   Ox1  339 -0.1266 -0.4109 -0.5240 -0.0127 -0.0411 -0.0524
  339   O   Ox2  339 -0.4410 -0.7038 -0.5821 -0.0441 -0.0704 -0.0582
  340   O   Ox1  340  1.0753  0.3769  0.6653  0.1075  0.0377  0.0665
  340   O   Ox2  340  0.2310 -0.6571  0.8012  0.0231 -0.0657  0.0801
  341   O   Ox1  341 -0.2616 -0.5180 -0.1173 -0.0262 -0.0518 -0.0117
  341   O   Ox2  341 -0.2423 -0.7561  0.6183 -0.0242 -0.0756  0.0618
  342   O   Ox1  342 -0.0846  0.2030 -0.2072 -0.0085  0.0203 -0.0207
  342   O   Ox2  342  0.1402  0.9302  0.4092  0.0140  0.0930  0.0409
  343   O   Ox1  343  0.3312 -1.0128  0.4325  0.0331 -0.1013  0.0433
  343   O   Ox2  343  0.2421  0.6268  0.0325  0.0242  0.0627  0.0033
  344   O   Ox1  344  0.4054 -0.2570  0.3460  0.0405 -0.0257  0.0346
  344   O   Ox2  344  0.1936 -0.1780 -0.0954  0.0194 -0.0178 -0.0095
  345   O   Ox1  345 -0.5252  0.8922  0.4590 -0.0525  0.0892  0.0459
  345   O   Ox2  345 -0.0994  0.5819  0.2976 -0.0099  0.0582  0.0298
  346   O   Ox1  346  0.8484  0.5021 -1.5537  0.0848  0.0502 -0.1554
  346   O   Ox2  346  1.0401  0.4194  0.2410  0.1040  0.0419  0.0241
  347   O   Ox1  347 -0.1611 -0.0198 -0.1577 -0.0161 -0.0020 -0.0158
  347   O   Ox2  347  0.3255 -0.5505 -0.6876  0.0326 -0.0550 -0.0688
  348   O   Ox1  348 -0.7211 -0.3798  0.6389 -0.0721 -0.0380  0.0639
  348   O   Ox2  348  0.1832 -0.8974 -0.0767  0.0183 -0.0897 -0.0077
  349   O   Ox1  349 -0.0913  0.2106  0.5790 -0.0091  0.0211  0.0579
  349   O   Ox2  349  0.1590 -0.6057  0.2030  0.0159 -0.0606  0.0203
  350   O   Ox1  350 -0.2837 -1.2038 -0.7530 -0.0284 -0.1204 -0.0753
  350   O   Ox2  350  0.0000 -0.3294 -0.5888  0.0000 -0.0329 -0.0589
  351   O   Ox1  351  0.3141  0.7509 -0.0234  0.0314  0.0751 -0.0023
  351   O   Ox2  351  0.2302  0.5143  0.0992  0.0230  0.0514  0.0099
  352   O   Ox1  352 -0.0913 -0.8678 -0.1536 -0.0091 -0.0868 -0.0154
  352   O   Ox2  352  0.2814  0.3865 -0.9108  0.0281  0.0387 -0.0911
  353   O   Ox1  353 -0.5020  0.1231  0.0554 -0.0502  0.0123  0.0055
  353   O   Ox2  353  0.3095 -0.3315  0.0724  0.0310 -0.0332  0.0072
  354   O   Ox1  354 -0.3216 -1.0279  0.7768 -0.0322 -0.1028  0.0777
  354   O   Ox2  354 -0.5685 -0.0728 -0.3421 -0.0568 -0.0073 -0.0342
  355   O   Ox1  355 -0.1950  0.4787 -0.6703 -0.0195  0.0479 -0.0670
  355   O   Ox2  355 -0.9469  0.0972 -0.8983 -0.0947  0.0097 -0.0898
  356   O   Ox1  356  0.0063 -1.0446  0.1064  0.0006 -0.1045  0.0106
  356   O   Ox2  356 -0.6291 -0.9151  0.5855 -0.0629 -0.0915  0.0586
  357   O   Ox1  357  0.6836  0.5356  0.6071  0.0684  0.0536  0.0607
  357   O   Ox2  357 -0.6276  0.6464  0.0116 -0.0628  0.0646  0.0012
  358   O   Ox1  358  0.4524  0.6168 -0.5582  0.0452  0.0617 -0.0558
  358   O   Ox2  358  0.3562 -1.1833 -0.3449  0.0356 -0.1183 -0.0345
  359   O   Ox1  359 -0.2291  0.7132 -0.4645 -0.0229  0.0713 -0.0464
  359   O   Ox2  359  0.3940  0.1963  0.4809  0.0394  0.0196  0.0481
  360   O   Ox1  360  0.2225  0.3034  0.5277  0.0222  0.0303  0.0528
  360   O   Ox2  360 -0.1206 -1.2504 -0.2751 -0.0121 -0.1250 -0.0275
  361   O   Ox1  361  0.3118  0.1903  0.3791  0.0312  0.0190  0.0379
  361   O   Ox2  361 -0.3394  0.6670 -0.0085 -0.0339  0.0667 -0.0008
  362   O   Ox1  362 -0.5076  0.4426 -0.3095 -0.0508  0.0443 -0.0310
  362   O   Ox2  362 -1.0467  0.7568  0.6118 -0.1047  0.0757  0.0612
  363   O   Ox1  363 -0.5607 -0.0097  0.3501 -0.0561 -0.0010  0.0350
  363   O   Ox2  363 -0.6773 -0.0521  0.4236 -0.0677 -0.0052  0.0424
  364   O   Ox1  364  0.6293  0.0259  0.5256  0.0629  0.0026  0.0526
  364   O   Ox2  364  0.3189 -0.1616  0.3729  0.0319 -0.0162  0.0373
  365   O   Ox1  365  0.7411 -0.1446  0.0196  0.0741 -0.0145  0.0020
  365   O   Ox2  365  0.4915  0.4845 -0.1095  0.0492  0.0484 -0.0110
  366   O   Ox1  366 -0.1050  0.2154  0.3085 -0.0105  0.0215  0.0309
  366   O   Ox2  366  0.1956  0.6766  0.2677  0.0196  0.0677  0.0268
  367   O   Ox1  367 -0.3086  0.8431  0.9167 -0.0309  0.0843  0.0917
  367   O   Ox2  367 -0.0037 -0.3615  1.3392 -0.0004 -0.0362  0.1339
  368   O   Ox1  368 -0.5431 -1.3279 -0.1186 -0.0543 -0.1328 -0.0119
  368   O   Ox2  368  0.9255  0.8802  0.6230  0.0926  0.0880  0.0623
  369   O   Ox1  369 -0.1939  0.2939  0.1375 -0.0194  0.0294  0.0138
  369   O   Ox2  369 -1.2254  0.1149 -0.9433 -0.1225  0.0115 -0.0943
  370   O   Ox1  370  0.7421 -1.1953  0.1213  0.0742 -0.1195  0.0121
  370   O   Ox2  370  0.1322 -0.2012 -0.9058  0.0132 -0.0201 -0.0906
  371   O   Ox1  371  0.0495 -0.4342 -0.6374  0.0050 -0.0434 -0.0637
  371   O   Ox2  371 -0.3365  0.0376 -0.1673 -0.0337  0.0038 -0.0167
  372   O   Ox1  372 -0.0527  0.1652 -1.3675 -0.0053  0.0165 -0.1367
  372   O   Ox2  372 -0.2262  0.4624 -0.1056 -0.0226  0.0462 -0.0106
  373   O   Ox1  373 -0.2186 -0.5569 -0.3743 -0.0219 -0.0557 -0.0374
  373   O   Ox2  373 -0.0690 -0.6255  0.1048 -0.0069 -0.0625  0.0105
  374   O   Ox1  374  0.4361 -0.5083 -0.7361  0.0436 -0.0508 -0.0736
  374   O   Ox2  374  0.8438 -0.0191 -0.0971  0.0844 -0.0019 -0.0097
  375   O   Ox1  375 -0.0476  0.1892 -1.5594 -0.0048  0.0189 -0.1559
  375   O   Ox2  375 -0.3116  0.1567  0.6072 -0.0312  0.0157  0.0607
  376   O   Ox1  376 -0.2490 -0.5775  0.1298 -0.0249 -0.0577  0.0130
  376   O   Ox2  376  0.3554 -0.0948 -0.3045  0.0355 -0.0095 -0.0305
  377   O   Ox1  377  0.2059  0.3468  0.7715  0.0206  0.0347  0.0771
  377   O   Ox2  377  0.7543  0.8093  1.0342  0.0754  0.0809  0.1034
  378   O   Ox1  378 -0.5961  0.1494  0.4422 -0.0596  0.0149  0.0442
  378   O   Ox2  378 -0.1563 -0.5720  0.8888 -0.0156 -0.0572  0.0889
  379   O   Ox1  379  0.5790  0.3858  0.0336  0.0579  0.0386  0.0034
  379   O   Ox2  379  0.7907 -0.5563 -1.1220  0.0791 -0.0556 -0.1122
  380   O   Ox1  380  0.0181 -0.0545  0.0075  0.0018 -0.0054  0.0008
  380   O   Ox2  380  0.2762 -0.5891 -0.2279  0.0276 -0.0589 -0.0228
  381   O   Ox1  381  0.3259  0.1410 -0.0476  0.0326  0.0141 -0.0048
  381   O   Ox2  381  0.2890  0.5887 -0.1902  0.0289  0.0589 -0.0190
  382   O   Ox1  382  0.9331  0.0502  0.1059  0.0933  0.0050  0.0106
  382   O   Ox2  382  0.2084  0.0802  0.0745  0.0208  0.0080  0.0075
  383   O   Ox1  383  0.1089  0.5365  0.3761  0.0109  0.0537  0.0376
  383   O   Ox2  383  0.3901 -0.6886  0.1713  0.0390 -0.0689  0.0171
  384   O   Ox1  384 -0.1950 -0.2838 -0.4779 -0.0195 -0.0284 -0.0478
  384   O   Ox2  384 -0.7930  0.1182  0.1379 -0.0793  0.0118  0.0138
  385   O   Ox1  385 -0.1967  0.1962 -0.7457 -0.0197  0.0196 -0.0746
  385   O   Ox2  385  0.6133 -1.0268  0.1098  0.0613 -0.1027  0.0110
  386   O   Ox1  386 -0.3399 -0.3302  0.0623 -0.0340 -0.0330  0.0062
  386   O   Ox2  386  0.8004 -0.2969 -0.3512  0.0800 -0.0297 -0.0351
  387   O   Ox1  387 -0.6823  0.3306  0.3007 -0.0682  0.0331  0.0301
  387   O   Ox2  387 -0.1338 -0.1878  0.6326 -0.0134 -0.0188  0.0633
  388   O   Ox1  388 -0.0153  0.3678  0.6273 -0.0015  0.0368  0.0627
  388   O   Ox2  388 -0.5187 -0.0444 -0.0219 -0.0519 -0.0044 -0.0022
  389   O   Ox1  389  0.0432  0.0824 -0.2453  0.0043  0.0082 -0.0245
  389   O   Ox2  389  0.3666 -0.1201  0.8885  0.0367 -0.0120  0.0888
  390   O   Ox1  390  0.6523 -0.5673  0.4441  0.0652 -0.0567  0.0444
  390   O   Ox2  390  0.3730 -0.3641  0.4742  0.0373 -0.0364  0.0474
  391   O   Ox1  391  0.1866  0.1694  0.6428  0.0187  0.0169  0.0643
  391   O   Ox2  391 -0.5968 -0.5177 -0.2460 -0.0597 -0.0518 -0.0246
  392   O   Ox1  392 -0.6094 -0.5656 -0.5040 -0.0609 -0.0566 -0.0504
  392   O   Ox2  392  0.0300 -0.0999 -0.4600  0.0030 -0.0100 -0.0460
  393   O   Ox1  393 -0.1266  0.7997 -0.4304 -0.0127  0.0800 -0.0430
  393   O   Ox2  393  0.0617  0.4751 -0.4797  0.0062  0.0475 -0.0480
  394   O   Ox1  394  0.2975  0.3277 -0.2334  0.0298  0.0328 -0.0233
  394   O   Ox2  394  0.0423  0.0478 -0.1407  0.0042  0.0048 -0.0141
  395   O   Ox1  395  0.0892  0.8021 -0.5313  0.0089  0.0802 -0.0531
  395   O   Ox2  395 -0.2143  0.3618 -0.3296 -0.0214  0.0362 -0.0330
  396   O   Ox1  396 -0.4012 -0.3173  0.4181 -0.0401 -0.0317  0.0418
  396   O   Ox2  396 -0.3002  0.0189 -0.1372 -0.0300  0.0019 -0.0137
  397   O   Ox1  397  0.2259  0.1081  0.0468  0.0226  0.0108  0.0047
  397   O   Ox2  397 -0.0287 -0.1006  0.1345 -0.0029 -0.0101  0.0135
  398   O   Ox1  398  0.2106 -0.0026 -0.8624  0.0211 -0.0003 -0.0862
  398   O   Ox2  398  0.5178  0.7415 -0.1480  0.0518  0.0741 -0.0148
  399   O   Ox1  399  0.4036 -0.1246  0.4622  0.0404 -0.0125  0.0462
  399   O   Ox2  399 -0.0078 -0.0109 -0.4600 -0.0008 -0.0011 -0.0460
  400   O   Ox1  400 -1.1242 -0.0337 -0.1969 -0.1124 -0.0034 -0.0197
  400   O   Ox2  400 -0.7020 -0.8649 -0.5276 -0.0702 -0.0865 -0.0528
  401   O   Ox1  401  0.0415  0.9277 -0.4605  0.0041  0.0928 -0.0460
  401   O   Ox2  401  0.4675  0.7876 -0.0108  0.0468  0.0788 -0.0011
  402   O   Ox1  402 -0.5810  0.1954 -0.5989 -0.0581  0.0195 -0.0599
  402   O   Ox2  402 -0.6346  0.0453  0.5053 -0.0635  0.0045  0.0505
  403   O   Ox1  403  0.3003 -0.1041  0.0036  0.0300 -0.0104  0.0004
  403   O   Ox2  403 -0.0798  0.5099  0.6508 -0.0080  0.0510  0.0651
  404   O   Ox1  404  0.2678  0.6640  0.0897  0.0268  0.0664  0.0090
  404   O   Ox2  404  0.0216 -0.1499 -0.1746  0.0022 -0.0150 -0.0175
  405   O   Ox1  405 -0.4213 -1.2529 -0.0307 -0.0421 -0.1253 -0.0031
  405   O   Ox2  405  0.3035  1.0591  0.2866  0.0304  0.1059  0.0287
  406   O   Ox1  406 -0.4425  0.3423  0.7193 -0.0443  0.0342  0.0719
  406   O   Ox2  406  0.5030  0.0866  0.8267  0.0503  0.0087  0.0827
  407   O   Ox1  407 -1.4334 -0.6352  0.1596 -0.1433 -0.0635  0.0160
  407   O   Ox2  407 -0.1725 -0.8211 -0.9030 -0.0173 -0.0821 -0.0903
  408   O   Ox1  408 -1.3412 -0.3851  0.1069 -0.1341 -0.0385  0.0107
  408   O   Ox2  408 -0.2849 -0.6427 -0.1475 -0.0285 -0.0643 -0.0148
  409   O   Ox1  409  0.0734  0.3005 -0.4684  0.0073  0.0300 -0.0468
  409   O   Ox2  409 -0.3589  0.5730  0.5620 -0.0359  0.0573  0.0562
  410   O   Ox1  410  0.3555  0.2758 -0.0670  0.0356  0.0276 -0.0067
  410   O   Ox2  410 -0.0268  0.6719  0.7614 -0.0027  0.0672  0.0761
  411   O   Ox1  411 -0.8673 -0.7664  0.5813 -0.0867 -0.0766  0.0581
  411   O   Ox2  411  0.1793 -0.6462  0.0606  0.0179 -0.0646  0.0061
  412   O   Ox1  412  0.9108  0.0210  0.1691  0.0911  0.0021  0.0169
  412   O   Ox2  412  0.6080 -0.3036 -0.1442  0.0608 -0.0304 -0.0144
  413   O   Ox1  413 -0.3784  0.5658  0.0066 -0.0378  0.0566  0.0007
  413   O   Ox2  413  0.5653 -0.0106  0.4516  0.0565 -0.0011  0.0452
  414   O   Ox1  414 -0.2667 -0.3153 -0.3041 -0.0267 -0.0315 -0.0304
  414   O   Ox2  414  0.7134 -0.5737 -0.5980  0.0713 -0.0574 -0.0598
  415   O   Ox1  415  0.3039 -0.7793 -0.3737  0.0304 -0.0779 -0.0374
  415   O   Ox2  415 -0.1864 -1.3059 -0.2160 -0.0186 -0.1306 -0.0216
  416   O   Ox1  416 -0.2225  0.4101  0.3890 -0.0222  0.0410  0.0389
  416   O   Ox2  416  0.1075  0.6878  0.0433  0.0108  0.0688  0.0043
  417   O   Ox1  417 -0.1846 -0.0882  0.6759 -0.0185 -0.0088  0.0676
  417   O   Ox2  417 -0.6663  0.1582  0.0096 -0.0666  0.0158  0.0010
  418   O   Ox1  418 -0.0736  0.5546 -0.0139 -0.0074  0.0555 -0.0014
  418   O   Ox2  418  1.0001  1.1016 -0.0712  0.1000  0.1102 -0.0071
  419   O   Ox1  419  0.4652 -0.1277 -0.1745  0.0465 -0.0128 -0.0175
  419   O   Ox2  419  0.1349  0.2711  0.7946  0.0135  0.0271  0.0795
  420   O   Ox1  420 -0.0346 -0.6454  0.4744 -0.0035 -0.0645  0.0474
  420   O   Ox2  420  0.3482 -0.0947  1.1844  0.0348 -0.0095  0.1184
  421   O   Ox1  421 -0.5270  0.4688 -0.7241 -0.0527  0.0469 -0.0724
  421   O   Ox2  421  0.2029 -0.2165 -0.2395  0.0203 -0.0216 -0.0240
  422   O   Ox1  422  0.2793 -0.0057 -0.2183  0.0279 -0.0006 -0.0218
  422   O   Ox2  422 -0.9702 -0.5292 -0.4080 -0.0970 -0.0529 -0.0408
  423   O   Ox1  423 -0.5357  0.4628 -0.3054 -0.0536  0.0463 -0.0305
  423   O   Ox2  423 -0.2730 -0.0722 -0.9669 -0.0273 -0.0072 -0.0967
  424   O   Ox1  424  0.4192  0.3290 -0.3195  0.0419  0.0329 -0.0320
  424   O   Ox2  424  0.6380 -0.1168 -0.3524  0.0638 -0.0117 -0.0352
  425   O   Ox1  425  0.9888 -0.1901  0.0609  0.0989 -0.0190  0.0061
  425   O   Ox2  425  0.1385  0.2324  0.1240  0.0139  0.0232  0.0124
  426   O   Ox1  426  0.2976 -0.4489  0.1558  0.0298 -0.0449  0.0156
  426   O   Ox2  426  0.1826  0.5922  0.6056  0.0183  0.0592  0.0606
  427   O   Ox1  427  0.0743 -0.5761  0.3601  0.0074 -0.0576  0.0360
  427   O   Ox2  427 -0.2353  0.0229 -0.3401 -0.0235  0.0023 -0.0340
  428   O   Ox1  428 -0.2366 -0.2530  0.3081 -0.0237 -0.0253  0.0308
  428   O   Ox2  428  0.2713  0.0574 -0.2656  0.0271  0.0057 -0.0266
  429   O   Ox1  429  0.4180 -0.6794 -0.3585  0.0418 -0.0679 -0.0359
  429   O   Ox2  429  0.4920 -0.6357 -0.6280  0.0492 -0.0636 -0.0628
  430   O   Ox1  430  0.4694 -1.0487  0.5326  0.0469 -0.1049  0.0533
  430   O   Ox2  430 -0.1729  0.6920  0.6002 -0.0173  0.0692  0.0600
  431   O   Ox1  431 -0.3320  0.3240 -0.5259 -0.0332  0.0324 -0.0526
  431   O   Ox2  431 -0.1276 -0.4046 -0.5413 -0.0128 -0.0405 -0.0541
  432   O   Ox1  432  0.0443  0.2095  0.9718  0.0044  0.0209  0.0972
  432   O   Ox2  432 -0.6758 -0.9948 -0.4544 -0.0676 -0.0995 -0.0454
  433   O   Ox1  433 -0.1162 -0.9483  0.1522 -0.0116 -0.0948  0.0152
  433   O   Ox2  433  0.3019 -0.0092 -0.2518  0.0302 -0.0009 -0.0252
  434   O   Ox1  434 -0.4508 -1.0821  0.0365 -0.0451 -0.1082  0.0037
  434   O   Ox2  434 -0.9756  0.1953 -0.4568 -0.0976  0.0195 -0.0457
  435   O   Ox1  435  0.3013  0.8108 -0.7623  0.0301  0.0811 -0.0762
  435   O   Ox2  435 -0.2959 -0.3840  0.1274 -0.0296 -0.0384  0.0127
  436   O   Ox1  436  0.1714 -0.5098 -1.5058  0.0171 -0.0510 -0.1506
  436   O   Ox2  436  0.3735 -0.5977 -0.4630  0.0374 -0.0598 -0.0463
  437   O   Ox1  437 -0.5059 -0.3509 -0.2047 -0.0506 -0.0351 -0.0205
  437   O   Ox2  437  0.7471  0.3569 -0.0679  0.0747  0.0357 -0.0068
  438   O   Ox1  438 -0.5499 -0.0126  1.4454 -0.0550 -0.0013  0.1445
  438   O   Ox2  438 -0.5741 -0.4516  1.4820 -0.0574 -0.0452  0.1482
  439   O   Ox1  439 -0.1220 -0.2103 -0.0959 -0.0122 -0.0210 -0.0096
  439   O   Ox2  439 -0.4649  0.0506 -0.5094 -0.0465  0.0051 -0.0509
  440   O   Ox1  440 -0.5879 -0.0716 -0.0772 -0.0588 -0.0072 -0.0077
  440   O   Ox2  440 -0.5369 -0.3095  0.2669 -0.0537 -0.0309  0.0267
  441   O   Ox1  441 -0.2404 -0.0834 -0.1290 -0.0240 -0.0083 -0.0129
  441   O   Ox2  441  0.4113 -0.1901 -0.0920  0.0411 -0.0190 -0.0092
  442   O   Ox1  442 -0.1581 -0.3183  0.4732 -0.0158 -0.0318  0.0473
  442   O   Ox2  442 -0.9915  0.2297  0.6061 -0.0992  0.0230  0.0606
  443   O   Ox1  443 -0.2687  0.5218 -0.7941 -0.0269  0.0522 -0.0794
  443   O   Ox2  443 -0.0026  0.0661  0.2362 -0.0003  0.0066  0.0236
  444   O   Ox1  444 -0.0179  0.2911 -0.0111 -0.0018  0.0291 -0.0011
  444   O   Ox2  444 -0.2023  0.2789  0.1920 -0.0202  0.0279  0.0192
  445   O   Ox1  445 -0.6705 -0.8088  0.3767 -0.0671 -0.0809  0.0377
  445   O   Ox2  445 -0.6619  1.1648  0.2410 -0.0662  0.1165  0.0241
  446   O   Ox1  446 -0.5540 -0.3420 -0.0689 -0.0554 -0.0342 -0.0069
  446   O   Ox2  446 -0.3500 -0.1840  0.4182 -0.0350 -0.0184  0.0418
  447   O   Ox1  447 -0.1435  0.3978 -0.0176 -0.0144  0.0398 -0.0018
  447   O   Ox2  447  0.5023  1.3512 -0.3995  0.0502  0.1351 -0.0399
  448   O   Ox1  448  0.6013  0.4302 -1.3006  0.0601  0.0430 -0.1301
  448   O   Ox2  448 -0.5870  1.2002 -0.4586 -0.0587  0.1200 -0.0459
  449   O   Ox1  449  0.9899  0.6869 -0.2769  0.0990  0.0687 -0.0277
  449   O   Ox2  449 -0.0740 -0.5443  0.0117 -0.0074 -0.0544  0.0012
  450   O   Ox1  450 -0.0079  0.5093  0.0273 -0.0008  0.0509  0.0027
  450   O   Ox2  450  0.3003  0.2962 -0.2495  0.0300  0.0296 -0.0249
  451   O   Ox1  451 -0.6437  0.5805  0.2323 -0.0644  0.0581  0.0232
  451   O   Ox2  451 -0.2644  0.8368  0.7797 -0.0264  0.0837  0.0780
  452   O   Ox1  452 -0.2387  0.5735 -0.9498 -0.0239  0.0573 -0.0950
  452   O   Ox2  452  0.1711  0.4438  0.4838  0.0171  0.0444  0.0484
  453   O   Ox1  453 -0.4120 -1.0193  0.2872 -0.0412 -0.1019  0.0287
  453   O   Ox2  453  0.4388  0.6945  0.1089  0.0439  0.0694  0.0109
  454   O   Ox1  454  1.1546 -0.4900 -0.5670  0.1155 -0.0490 -0.0567
  454   O   Ox2  454 -0.0677  0.6324 -0.4744 -0.0068  0.0632 -0.0474
  455   O   Ox1  455  0.1050  0.3758 -0.8493  0.0105  0.0376 -0.0849
  455   O   Ox2  455  0.1761 -0.0656  0.7823  0.0176 -0.0066  0.0782
  456   O   Ox1  456 -0.4981  0.1994 -0.2305 -0.0498  0.0199 -0.0231
  456   O   Ox2  456  0.1534  0.7407 -0.2201  0.0153  0.0741 -0.0220
  457   O   Ox1  457  0.4534  0.1480 -0.5940  0.0453  0.0148 -0.0594
  457   O   Ox2  457  0.6378  0.1573 -0.2925  0.0638  0.0157 -0.0292
  458   O   Ox1  458  0.6793 -0.4964  0.5601  0.0679 -0.0496  0.0560
  458   O   Ox2  458  0.3767  0.2547 -0.3205  0.0377  0.0255 -0.0320
  459   O   Ox1  459  0.3991 -0.5724 -1.5437  0.0399 -0.0572 -0.1544
  459   O   Ox2  459 -0.2080 -0.9827  0.1032 -0.0208 -0.0983  0.0103
  460   O   Ox1  460 -0.3059 -0.6430  0.5466 -0.0306 -0.0643  0.0547
  460   O   Ox2  460 -0.7292 -0.3289  0.2169 -0.0729 -0.0329  0.0217
  461   O   Ox1  461 -0.1922 -0.7180  0.4090 -0.0192 -0.0718  0.0409
  461   O   Ox2  461 -0.1761  0.1201 -0.1267 -0.0176  0.0120 -0.0127
  462   O   Ox1  462 -0.9463 -0.5134 -0.0028 -0.0946 -0.0513 -0.0003
  462   O   Ox2  462  0.1590 -0.5589 -0.3915  0.0159 -0.0559 -0.0391
  463   O   Ox1  463 -0.2096 -0.6683 -0.5224 -0.0210 -0.0668 -0.0522
  463   O   Ox2  463  0.5868  0.0717 -0.1549  0.0587  0.0072 -0.0155
  464   O   Ox1  464  0.0694 -0.0868 -0.3232  0.0069 -0.0087 -0.0323
  464   O   Ox2  464  1.0436  0.0151 -0.9488  0.1044  0.0015 -0.0949
  465   O   Ox1  465  0.3483  0.3215  0.4088  0.0348  0.0322  0.0409
  465   O   Ox2  465 -0.0300  0.0023 -0.3056 -0.0030  0.0002 -0.0306
  466   O   Ox1  466  0.2757 -0.3819 -0.6409  0.0276 -0.0382 -0.0641
  466   O   Ox2  466 -0.7720  0.2720  0.4893 -0.0772  0.0272  0.0489
  467   O   Ox1  467 -0.2925  0.2720  0.6648 -0.0292  0.0272  0.0665
  467   O   Ox2  467 -0.8910  0.3804  0.9043 -0.0891  0.0380  0.0904
  468   O   Ox1  468  0.3017  0.2015 -0.0607  0.0302  0.0201 -0.0061
  468   O   Ox2  468  0.4385  0.1452 -0.1594  0.0438  0.0145 -0.0159
  469   O   Ox1  469 -0.0344  0.4499  0.8466 -0.0034  0.0450  0.0847
  469   O   Ox2  469  0.3035  0.3887  0.6587  0.0304  0.0389  0.0659
  470   O   Ox1  470  0.3942 -0.1034  0.4574  0.0394 -0.0103  0.0457
  470   O   Ox2  470 -0.2147 -0.6348 -0.2897 -0.0215 -0.0635 -0.0290
  471   O   Ox1  471  0.8465 -0.1827 -0.4114  0.0846 -0.0183 -0.0411
  471   O   Ox2  471  1.3474 -0.0669 -0.5191  0.1347 -0.0067 -0.0519
  472   O   Ox1  472 -0.0017 -0.1661  0.1163 -0.0002 -0.0166  0.0116
  472   O   Ox2  472  0.0979 -0.4096 -0.3977  0.0098 -0.0410 -0.0398
  473   O   Ox1  473 -0.2860 -0.2439  0.6333 -0.0286 -0.0244  0.0633
  473   O   Ox2  473  0.4384 -0.4532  0.5040  0.0438 -0.0453  0.0504
  474   O   Ox1  474 -0.5539  0.2344 -0.1806 -0.0554  0.0234 -0.0181
  474   O   Ox2  474 -0.1437 -0.1350  0.1582 -0.0144 -0.0135  0.0158
  475   O   Ox1  475  0.1951  0.3476  0.4132  0.0195  0.0348  0.0413
  475   O   Ox2  475  0.2322  0.9141  0.3796  0.0232  0.0914  0.0380
  476   O   Ox1  476 -0.1213 -0.2510 -0.2238 -0.0121 -0.0251 -0.0224
  476   O   Ox2  476  0.0070  0.4112  0.7153  0.0007  0.0411  0.0715
  477   O   Ox1  477 -0.0547  0.4121  0.5167 -0.0055  0.0412  0.0517
  477   O   Ox2  477  0.5510 -0.9911  0.4542  0.0551 -0.0991  0.0454
  478   O   Ox1  478 -0.3380 -0.0132  1.0203 -0.0338 -0.0013  0.1020
  478   O   Ox2  478  0.6851 -0.3172  0.5724  0.0685 -0.0317  0.0572
  479   O   Ox1  479 -0.3430 -0.1601 -0.0664 -0.0343 -0.0160 -0.0066
  479   O   Ox2  479  0.5981  0.0254  0.9179  0.0598  0.0025  0.0918
  480   O   Ox1  480 -0.4900  0.3833 -0.2851 -0.0490  0.0383 -0.0285
  480   O   Ox2  480 -0.1744 -0.1214  0.6931 -0.0174 -0.0121  0.0693
  481   O   Ox1  481  0.9766  0.4912  0.1899  0.0977  0.0491  0.0190
  481   O   Ox2  481  0.0587  1.1937 -0.4711  0.0059  0.1194 -0.0471
  482   O   Ox1  482 -1.2835  0.9192 -0.2894 -0.1284  0.0919 -0.0289
  482   O   Ox2  482 -0.2034  0.2690  0.6774 -0.0203  0.0269  0.0677
  483   O   Ox1  483  0.5835  0.5924 -0.0740  0.0584  0.0592 -0.0074
  483   O   Ox2  483  0.8107  0.0268  1.0865  0.0811  0.0027  0.1086
  484   O   Ox1  484  0.6388 -0.0350 -0.1997  0.0639 -0.0035 -0.0200
  484   O   Ox2  484  0.2450  0.0747  0.7120  0.0245  0.0075  0.0712
  485   O   Ox1  485  0.1005 -0.0110  0.3648  0.0100 -0.0011  0.0365
  485   O   Ox2  485  0.0035  0.3633 -0.1311  0.0004  0.0363 -0.0131
  486   O   Ox1  486 -0.1979 -0.1895 -0.4714 -0.0198 -0.0190 -0.0471
  486   O   Ox2  486  0.1250 -0.3164  0.3092  0.0125 -0.0316  0.0309
  487   O   Ox1  487  0.4820 -0.4727  0.5385  0.0482 -0.0473  0.0539
  487   O   Ox2  487  0.3553 -0.9078  0.5083  0.0355 -0.0908  0.0508
  488   O   Ox1  488 -0.1965 -0.3005 -0.0223 -0.0196 -0.0301 -0.0022
  488   O   Ox2  488 -0.3167 -0.2996 -0.6052 -0.0317 -0.0300 -0.0605
  489   O   Ox1  489 -0.0071 -0.1174 -0.0643 -0.0007 -0.0117 -0.0064
  489   O   Ox2  489 -1.1646 -0.1376  0.1466 -0.1165 -0.0138  0.0147
  490   O   Ox1  490 -0.2287 -0.2704 -0.4536 -0.0229 -0.0270 -0.0454
  490   O   Ox2  490  0.2301 -0.2674  0.1911  0.0230 -0.0267  0.0191
  491   O   Ox1  491 -0.1858  0.3008 -0.1082 -0.0186  0.0301 -0.0108
  491   O   Ox2  491  0.5089  0.2724 -0.9167  0.0509  0.0272 -0.0917
  492   O   Ox1  492 -1.0044  0.1965 -0.3124 -0.1004  0.0196 -0.0312
  492   O   Ox2  492  0.1684  0.2369 -0.8433  0.0168  0.0237 -0.0843
  493   O   Ox1  493 -0.6000 -0.2325  0.0838 -0.0600 -0.0233  0.0084
  493   O   Ox2  493  0.0197  0.5332  0.2776  0.0020  0.0533  0.0278
  494   O   Ox1  494 -0.2694  0.2258 -0.0100 -0.0269  0.0226 -0.0010
  494   O   Ox2  494 -0.4828  0.2343 -0.1911 -0.0483  0.0234 -0.0191
  495   O   Ox1  495 -1.3252 -0.2163 -0.3169 -0.1325 -0.0216 -0.0317
  495   O   Ox2  495  0.0724 -0.3896  0.2737  0.0072 -0.0390  0.0274
  496   O   Ox1  496 -0.3289 -0.1838 -0.1629 -0.0329 -0.0184 -0.0163
  496   O   Ox2  496 -0.5537 -0.2844  0.5453 -0.0554 -0.0284  0.0545
  497   O   Ox1  497 -0.2044 -0.4490 -0.3170 -0.0204 -0.0449 -0.0317
  497   O   Ox2  497  0.2703 -0.2423 -0.3982  0.0270 -0.0242 -0.0398
  498   O   Ox1  498 -0.0668  0.2258 -0.1315 -0.0067  0.0226 -0.0131
  498   O   Ox2  498  0.0480  0.8644  0.2155  0.0048  0.0864  0.0216
  499   O   Ox1  499 -0.2894  0.4566  0.2481 -0.0289  0.0457  0.0248
  499   O   Ox2  499 -0.2045 -0.0794  0.4077 -0.0205 -0.0079  0.0408
  500   O   Ox1  500  0.2204  0.1321  0.6933  0.0220  0.0132  0.0693
  500   O   Ox2  500 -0.3084  0.6080  1.3905 -0.0308  0.0608  0.1391
