 After step         5001
        1000
    1   O   Ox1    1 -0.0431 -0.0313  0.0702 -0.0431 -0.0313  0.0702
    1   O   Ox2    1 -0.0995  0.0455  0.0452 -0.0995  0.0455  0.0452
    2   O   Ox1    2  0.1954 -0.1071 -0.0796  0.1954 -0.1071 -0.0796
    2   O   Ox2    2  0.0268 -0.1055  0.0003  0.0268 -0.1055  0.0003
    3   O   Ox1    3 -0.0242  0.0428 -0.3148 -0.0242  0.0428 -0.3148
    3   O   Ox2    3  0.0603  0.0076 -0.1456  0.0603  0.0076 -0.1456
    4   O   Ox1    4  0.1477  0.1873  0.2273  0.1477  0.1873  0.2273
    4   O   Ox2    4  0.0059 -0.2591  0.2225  0.0059 -0.2591  0.2225
    5   O   Ox1    5  0.1828 -0.1536 -0.1251  0.1828 -0.1536 -0.1251
    5   O   Ox2    5  0.1382 -0.0032 -0.0883  0.1382 -0.0032 -0.0883
    6   O   Ox1    6  0.1501  0.0925 -0.4705  0.1501  0.0925 -0.4705
    6   O   Ox2    6  0.3482  0.1414 -0.2080  0.3482  0.1414 -0.2080
    7   O   Ox1    7 -0.3452  0.2812 -0.0256 -0.3452  0.2812 -0.0256
    7   O   Ox2    7 -0.1659  0.0062 -0.0491 -0.1659  0.0062 -0.0491
    8   O   Ox1    8 -0.1519  0.0183 -0.2819 -0.1519  0.0183 -0.2819
    8   O   Ox2    8  0.4139 -0.1325  0.1149  0.4139 -0.1325  0.1149
    9   O   Ox1    9 -0.0527 -0.0551 -0.1537 -0.0527 -0.0551 -0.1537
    9   O   Ox2    9 -0.0610 -0.0633  0.3809 -0.0610 -0.0633  0.3809
   10   O   Ox1   10  0.1243 -0.0406  0.1246  0.1243 -0.0406  0.1246
   10   O   Ox2   10  0.2087 -0.0119  0.0936  0.2087 -0.0119  0.0936
   11   O   Ox1   11  0.4245 -0.1856 -0.0878  0.4245 -0.1856 -0.0878
   11   O   Ox2   11 -0.2494  0.1029  0.0121 -0.2494  0.1029  0.0121
   12   O   Ox1   12  0.2789 -0.2995 -0.1774  0.2789 -0.2995 -0.1774
   12   O   Ox2   12  0.0483 -0.0693 -0.1665  0.0483 -0.0693 -0.1665
   13   O   Ox1   13  0.0210  0.0209  0.1837  0.0210  0.0209  0.1837
   13   O   Ox2   13  0.1551  0.6079 -0.1511  0.1551  0.6079 -0.1511
   14   O   Ox1   14 -0.0867 -0.0869  0.0328 -0.0867 -0.0869  0.0328
   14   O   Ox2   14 -0.2069 -0.0743 -0.2526 -0.2069 -0.0743 -0.2526
   15   O   Ox1   15  0.1204  0.1392  0.0200  0.1204  0.1392  0.0200
   15   O   Ox2   15 -0.1535  0.2476  0.0282 -0.1535  0.2476  0.0282
   16   O   Ox1   16  0.2683  0.4028  0.0398  0.2683  0.4028  0.0398
   16   O   Ox2   16  0.2830  0.2137  0.2480  0.2830  0.2137  0.2480
   17   O   Ox1   17  0.3718  0.0436 -0.0087  0.3718  0.0436 -0.0087
   17   O   Ox2   17  0.3057  0.0059 -0.0611  0.3057  0.0059 -0.0611
   18   O   Ox1   18 -0.0085  0.1055  0.1387 -0.0085  0.1055  0.1387
   18   O   Ox2   18  0.0834  0.0913  0.1743  0.0834  0.0913  0.1743
   19   O   Ox1   19  0.2358  0.2641  0.0039  0.2358  0.2641  0.0039
   19   O   Ox2   19 -0.2889  0.3044  0.1036 -0.2889  0.3044  0.1036
   20   O   Ox1   20  0.2167  0.2149 -0.2510  0.2167  0.2149 -0.2510
   20   O   Ox2   20 -0.0880  0.1065  0.1179 -0.0880  0.1065  0.1179
   21   O   Ox1   21 -0.0658  0.0144 -0.0893 -0.0658  0.0144 -0.0893
   21   O   Ox2   21  0.1820  0.1173 -0.0414  0.1820  0.1173 -0.0414
   22   O   Ox1   22  0.2604 -0.1632 -0.0320  0.2604 -0.1632 -0.0320
   22   O   Ox2   22 -0.0777 -0.4628  0.2403 -0.0777 -0.4628  0.2403
   23   O   Ox1   23 -0.1215  0.1195 -0.0284 -0.1215  0.1195 -0.0284
   23   O   Ox2   23 -0.1449  0.2567  0.0195 -0.1449  0.2567  0.0195
   24   O   Ox1   24 -0.1925 -0.3049  0.0229 -0.1925 -0.3049  0.0229
   24   O   Ox2   24 -0.5222 -0.0381 -0.0973 -0.5222 -0.0381 -0.0973
   25   O   Ox1   25 -0.0695 -0.0973 -0.0271 -0.0695 -0.0973 -0.0271
   25   O   Ox2   25 -0.0355  0.0896  0.1350 -0.0355  0.0896  0.1350
   26   O   Ox1   26  0.2241  0.1933 -0.0664  0.2241  0.1933 -0.0664
   26   O   Ox2   26 -0.3471 -0.0826  0.0624 -0.3471 -0.0826  0.0624
   27   O   Ox1   27  0.1452  0.2399  0.1081  0.1452  0.2399  0.1081
   27   O   Ox2   27 -0.1759  0.1987 -0.1835 -0.1759  0.1987 -0.1835
   28   O   Ox1   28 -0.1139 -0.1020 -0.1270 -0.1139 -0.1020 -0.1270
   28   O   Ox2   28  0.2811 -0.0589  0.1958  0.2811 -0.0589  0.1958
   29   O   Ox1   29  0.3327  0.0007  0.0957  0.3327  0.0007  0.0957
   29   O   Ox2   29  0.1217  0.1760  0.1209  0.1217  0.1760  0.1209
   30   O   Ox1   30  0.1603  0.0071 -0.0140  0.1603  0.0071 -0.0140
   30   O   Ox2   30 -0.1456  0.0207 -0.1025 -0.1456  0.0207 -0.1025
   31   O   Ox1   31  0.2313 -0.1166  0.1032  0.2313 -0.1166  0.1032
   31   O   Ox2   31  0.0604 -0.0584 -0.1014  0.0604 -0.0584 -0.1014
   32   O   Ox1   32 -0.3473 -0.0757  0.0127 -0.3473 -0.0757  0.0127
   32   O   Ox2   32 -0.2505 -0.2933 -0.1909 -0.2505 -0.2933 -0.1909
   33   O   Ox1   33  0.0767  0.0023 -0.1515  0.0767  0.0023 -0.1515
   33   O   Ox2   33  0.3532 -0.2230 -0.0761  0.3532 -0.2230 -0.0761
   34   O   Ox1   34 -0.1292 -0.0164  0.1224 -0.1292 -0.0164  0.1224
   34   O   Ox2   34 -0.1195  0.0872  0.0649 -0.1195  0.0872  0.0649
   35   O   Ox1   35  0.0182  0.0225  0.0282  0.0182  0.0225  0.0282
   35   O   Ox2   35  0.0624 -0.2582  0.1461  0.0624 -0.2582  0.1461
   36   O   Ox1   36  0.0223 -0.0068 -0.2445  0.0223 -0.0068 -0.2445
   36   O   Ox2   36  0.0538 -0.0242  0.2235  0.0538 -0.0242  0.2235
   37   O   Ox1   37  0.2373 -0.1578  0.7315  0.2373 -0.1578  0.7315
   37   O   Ox2   37 -0.0767 -0.3313  0.1916 -0.0767 -0.3313  0.1916
   38   O   Ox1   38  0.2275  0.0663  0.1034  0.2275  0.0663  0.1034
   38   O   Ox2   38  0.1273 -0.1096  0.1383  0.1273 -0.1096  0.1383
   39   O   Ox1   39  0.0013 -0.2189  0.1382  0.0013 -0.2189  0.1382
   39   O   Ox2   39  0.1224  0.2445 -0.1256  0.1224  0.2445 -0.1256
   40   O   Ox1   40  0.2797 -0.3415 -0.2007  0.2797 -0.3415 -0.2007
   40   O   Ox2   40  0.1791  0.1109 -0.0027  0.1791  0.1109 -0.0027
   41   O   Ox1   41 -0.3034 -0.2520  0.3516 -0.3034 -0.2520  0.3516
   41   O   Ox2   41 -0.1799 -0.0341 -0.1597 -0.1799 -0.0341 -0.1597
   42   O   Ox1   42 -0.2296 -0.2645  0.1610 -0.2296 -0.2645  0.1610
   42   O   Ox2   42  0.0536  0.0625  0.1178  0.0536  0.0625  0.1178
   43   O   Ox1   43  0.1169 -0.3449 -0.2301  0.1169 -0.3449 -0.2301
   43   O   Ox2   43  0.0794  0.1222 -0.1343  0.0794  0.1222 -0.1343
   44   O   Ox1   44 -0.0770  0.4329  0.0317 -0.0770  0.4329  0.0317
   44   O   Ox2   44 -0.2151  0.5335 -0.1163 -0.2151  0.5335 -0.1163
   45   O   Ox1   45 -0.4392  0.2428  0.2096 -0.4392  0.2428  0.2096
   45   O   Ox2   45 -0.2081  0.0818  0.2962 -0.2081  0.0818  0.2962
   46   O   Ox1   46  0.1174  0.0046 -0.1025  0.1174  0.0046 -0.1025
   46   O   Ox2   46 -0.0769  0.1337 -0.0430 -0.0769  0.1337 -0.0430
   47   O   Ox1   47 -0.0941  0.2433  0.0744 -0.0941  0.2433  0.0744
   47   O   Ox2   47  0.3713  0.0718 -0.0318  0.3713  0.0718 -0.0318
   48   O   Ox1   48  0.2727  0.3127  0.1186  0.2727  0.3127  0.1186
   48   O   Ox2   48  0.1449 -0.2394  0.0426  0.1449 -0.2394  0.0426
   49   O   Ox1   49  0.0055 -0.2137 -0.0658  0.0055 -0.2137 -0.0658
   49   O   Ox2   49  0.2103 -0.0092 -0.2855  0.2103 -0.0092 -0.2855
   50   O   Ox1   50  0.0581 -0.0322 -0.2970  0.0581 -0.0322 -0.2970
   50   O   Ox2   50  0.0142  0.1213 -0.1097  0.0142  0.1213 -0.1097
   51   O   Ox1   51 -0.0889 -0.0192 -0.0610 -0.0889 -0.0192 -0.0610
   51   O   Ox2   51 -0.1322 -0.2798 -0.0054 -0.1322 -0.2798 -0.0054
   52   O   Ox1   52 -0.0166 -0.3316  0.0950 -0.0166 -0.3316  0.0950
   52   O   Ox2   52 -0.1697 -0.3493  0.0830 -0.1697 -0.3493  0.0830
   53   O   Ox1   53  0.0165 -0.0820 -0.0195  0.0165 -0.0820 -0.0195
   53   O   Ox2   53 -0.1964  0.2738  0.0034 -0.1964  0.2738  0.0034
   54   O   Ox1   54  0.0326 -0.4211 -0.1008  0.0326 -0.4211 -0.1008
   54   O   Ox2   54 -0.0540 -0.3626 -0.1606 -0.0540 -0.3626 -0.1606
   55   O   Ox1   55  0.1024 -0.0526  0.1521  0.1024 -0.0526  0.1521
   55   O   Ox2   55 -0.2169  0.3065  0.1956 -0.2169  0.3065  0.1956
   56   O   Ox1   56  0.0707  0.2142 -0.1509  0.0707  0.2142 -0.1509
   56   O   Ox2   56  0.2582  0.0592 -0.0479  0.2582  0.0592 -0.0479
   57   O   Ox1   57 -0.3026 -0.0111  0.0463 -0.3026 -0.0111  0.0463
   57   O   Ox2   57  0.0018  0.1996 -0.1356  0.0018  0.1996 -0.1356
   58   O   Ox1   58  0.0638  0.0514  0.0103  0.0638  0.0514  0.0103
   58   O   Ox2   58  0.0065 -0.0055  0.0620  0.0065 -0.0055  0.0620
   59   O   Ox1   59  0.1305  0.2858  0.1489  0.1305  0.2858  0.1489
   59   O   Ox2   59 -0.3523  0.1210 -0.2769 -0.3523  0.1210 -0.2769
   60   O   Ox1   60  0.1041 -0.0227 -0.0771  0.1041 -0.0227 -0.0771
   60   O   Ox2   60 -0.0966  0.2200  0.1662 -0.0966  0.2200  0.1662
   61   O   Ox1   61  0.2176 -0.2491 -0.1163  0.2176 -0.2491 -0.1163
   61   O   Ox2   61 -0.0311 -0.4491 -0.1992 -0.0311 -0.4491 -0.1992
   62   O   Ox1   62  0.0429 -0.0708 -0.0701  0.0429 -0.0708 -0.0701
   62   O   Ox2   62  0.1958 -0.3075 -0.0367  0.1958 -0.3075 -0.0367
   63   O   Ox1   63  0.1376  0.0539  0.2406  0.1376  0.0539  0.2406
   63   O   Ox2   63 -0.0141 -0.0152 -0.1768 -0.0141 -0.0152 -0.1768
   64   O   Ox1   64  0.0046  0.0354  0.1544  0.0046  0.0354  0.1544
   64   O   Ox2   64  0.0348 -0.4219  0.1799  0.0348 -0.4219  0.1799
   65   O   Ox1   65  0.0853 -0.4303 -0.0402  0.0853 -0.4303 -0.0402
   65   O   Ox2   65 -0.0735 -0.3582 -0.1423 -0.0735 -0.3582 -0.1423
   66   O   Ox1   66 -0.2212  0.1652 -0.0630 -0.2212  0.1652 -0.0630
   66   O   Ox2   66  0.1478 -0.0176 -0.1246  0.1478 -0.0176 -0.1246
   67   O   Ox1   67  0.0921  0.0906 -0.1014  0.0921  0.0906 -0.1014
   67   O   Ox2   67  0.1590  0.0872 -0.1609  0.1590  0.0872 -0.1609
   68   O   Ox1   68 -0.4338  0.0254  0.2170 -0.4338  0.0254  0.2170
   68   O   Ox2   68  0.1396 -0.1156  0.0752  0.1396 -0.1156  0.0752
   69   O   Ox1   69 -0.0687 -0.1157 -0.2838 -0.0687 -0.1157 -0.2838
   69   O   Ox2   69  0.3033 -0.1946 -0.0690  0.3033 -0.1946 -0.0690
   70   O   Ox1   70 -0.1855 -0.0977 -0.0658 -0.1855 -0.0977 -0.0658
   70   O   Ox2   70 -0.1696  0.0856 -0.1722 -0.1696  0.0856 -0.1722
   71   O   Ox1   71  0.2303  0.0072  0.0378  0.2303  0.0072  0.0378
   71   O   Ox2   71  0.1415  0.0690 -0.3755  0.1415  0.0690 -0.3755
   72   O   Ox1   72 -0.0374 -0.3010  0.2236 -0.0374 -0.3010  0.2236
   72   O   Ox2   72 -0.1945 -0.0746  0.1718 -0.1945 -0.0746  0.1718
   73   O   Ox1   73 -0.0384  0.0661  0.0200 -0.0384  0.0661  0.0200
   73   O   Ox2   73  0.2550 -0.0051  0.1324  0.2550 -0.0051  0.1324
   74   O   Ox1   74  0.0940  0.0999 -0.4268  0.0940  0.0999 -0.4268
   74   O   Ox2   74 -0.1471  0.0010  0.0351 -0.1471  0.0010  0.0351
   75   O   Ox1   75  0.0264  0.0393 -0.2233  0.0264  0.0393 -0.2233
   75   O   Ox2   75 -0.0389 -0.0567  0.1460 -0.0389 -0.0567  0.1460
   76   O   Ox1   76 -0.2780 -0.0709  0.2616 -0.2780 -0.0709  0.2616
   76   O   Ox2   76 -0.2622 -0.3263 -0.2659 -0.2622 -0.3263 -0.2659
   77   O   Ox1   77  0.1108 -0.2156  0.0025  0.1108 -0.2156  0.0025
   77   O   Ox2   77 -0.0673 -0.1094  0.2475 -0.0673 -0.1094  0.2475
   78   O   Ox1   78 -0.1718  0.0789 -0.2437 -0.1718  0.0789 -0.2437
   78   O   Ox2   78  0.0115 -0.1288 -0.0477  0.0115 -0.1288 -0.0477
   79   O   Ox1   79 -0.2140 -0.2324  0.0392 -0.2140 -0.2324  0.0392
   79   O   Ox2   79 -0.1459  0.0128 -0.0437 -0.1459  0.0128 -0.0437
   80   O   Ox1   80  0.2705  0.1537  0.1025  0.2705  0.1537  0.1025
   80   O   Ox2   80  0.0434 -0.2140  0.0409  0.0434 -0.2140  0.0409
   81   O   Ox1   81 -0.0051 -0.2595 -0.0229 -0.0051 -0.2595 -0.0229
   81   O   Ox2   81 -0.2392 -0.2085 -0.2459 -0.2392 -0.2085 -0.2459
   82   O   Ox1   82  0.3455  0.3514 -0.0716  0.3455  0.3514 -0.0716
   82   O   Ox2   82  0.0972  0.1249 -0.1960  0.0972  0.1249 -0.1960
   83   O   Ox1   83  0.2678 -0.0035 -0.1685  0.2678 -0.0035 -0.1685
   83   O   Ox2   83  0.2044  0.2089  0.1230  0.2044  0.2089  0.1230
   84   O   Ox1   84  0.0932  0.0172  0.1773  0.0932  0.0172  0.1773
   84   O   Ox2   84  0.1705 -0.1238 -0.1417  0.1705 -0.1238 -0.1417
   85   O   Ox1   85  0.0265 -0.1082  0.4830  0.0265 -0.1082  0.4830
   85   O   Ox2   85 -0.2211  0.1104  0.3153 -0.2211  0.1104  0.3153
   86   O   Ox1   86 -0.0559 -0.4126 -0.2260 -0.0559 -0.4126 -0.2260
   86   O   Ox2   86  0.0899 -0.1880 -0.2542  0.0899 -0.1880 -0.2542
   87   O   Ox1   87  0.0052 -0.1933 -0.0274  0.0052 -0.1933 -0.0274
   87   O   Ox2   87  0.0512  0.0521 -0.2510  0.0512  0.0521 -0.2510
   88   O   Ox1   88  0.0783 -0.0024 -0.1152  0.0783 -0.0024 -0.1152
   88   O   Ox2   88  0.0549  0.0376  0.0701  0.0549  0.0376  0.0701
   89   O   Ox1   89  0.0378 -0.0602 -0.0371  0.0378 -0.0602 -0.0371
   89   O   Ox2   89 -0.0147  0.0272 -0.1119 -0.0147  0.0272 -0.1119
   90   O   Ox1   90  0.0044  0.2033 -0.2293  0.0044  0.2033 -0.2293
   90   O   Ox2   90  0.0324  0.2772 -0.1530  0.0324  0.2772 -0.1530
   91   O   Ox1   91  0.0539  0.2768  0.0690  0.0539  0.2768  0.0690
   91   O   Ox2   91 -0.1806  0.4102 -0.1071 -0.1806  0.4102 -0.1071
   92   O   Ox1   92 -0.1610  0.0456 -0.0699 -0.1610  0.0456 -0.0699
   92   O   Ox2   92 -0.1807  0.1332 -0.1726 -0.1807  0.1332 -0.1726
   93   O   Ox1   93  0.1737  0.0182 -0.0567  0.1737  0.0182 -0.0567
   93   O   Ox2   93  0.1752  0.0542 -0.0036  0.1752  0.0542 -0.0036
   94   O   Ox1   94  0.1569  0.1172 -0.1294  0.1569  0.1172 -0.1294
   94   O   Ox2   94 -0.0463  0.0044 -0.1534 -0.0463  0.0044 -0.1534
   95   O   Ox1   95  0.1863  0.1955  0.1509  0.1863  0.1955  0.1509
   95   O   Ox2   95 -0.0476  0.1899 -0.0238 -0.0476  0.1899 -0.0238
   96   O   Ox1   96  0.1224  0.2310 -0.0688  0.1224  0.2310 -0.0688
   96   O   Ox2   96  0.0139 -0.3420  0.1116  0.0139 -0.3420  0.1116
   97   O   Ox1   97 -0.0616 -0.0393 -0.0042 -0.0616 -0.0393 -0.0042
   97   O   Ox2   97 -0.2829 -0.2140  0.0303 -0.2829 -0.2140  0.0303
   98   O   Ox1   98 -0.1472 -0.0397 -0.1218 -0.1472 -0.0397 -0.1218
   98   O   Ox2   98  0.0853 -0.1137 -0.2430  0.0853 -0.1137 -0.2430
   99   O   Ox1   99  0.0688 -0.0061  0.1639  0.0688 -0.0061  0.1639
   99   O   Ox2   99 -0.1214 -0.1232  0.0721 -0.1214 -0.1232  0.0721
  100   O   Ox1  100  0.1567  0.0878  0.0997  0.1567  0.0878  0.0997
  100   O   Ox2  100  0.2417 -0.0188  0.1560  0.2417 -0.0188  0.1560
  101   O   Ox1  101 -0.1801 -0.0229 -0.4722 -0.1801 -0.0229 -0.4722
  101   O   Ox2  101 -0.3011 -0.0057 -0.0187 -0.3011 -0.0057 -0.0187
  102   O   Ox1  102  0.1497  0.1379  0.0824  0.1497  0.1379  0.0824
  102   O   Ox2  102  0.2249  0.3077  0.0401  0.2249  0.3077  0.0401
  103   O   Ox1  103 -0.1993  0.2329  0.0974 -0.1993  0.2329  0.0974
  103   O   Ox2  103  0.0273  0.1013 -0.0002  0.0273  0.1013 -0.0002
  104   O   Ox1  104  0.2549  0.1356 -0.0847  0.2549  0.1356 -0.0847
  104   O   Ox2  104 -0.2990 -0.4963  0.0867 -0.2990 -0.4963  0.0867
  105   O   Ox1  105  0.1946  0.3503 -0.0156  0.1946  0.3503 -0.0156
  105   O   Ox2  105 -0.0110  0.1439 -0.0047 -0.0110  0.1439 -0.0047
  106   O   Ox1  106 -0.2039  0.0550  0.1566 -0.2039  0.0550  0.1566
  106   O   Ox2  106 -0.2103  0.0257  0.1458 -0.2103  0.0257  0.1458
  107   O   Ox1  107  0.3910 -0.1216 -0.0402  0.3910 -0.1216 -0.0402
  107   O   Ox2  107  0.2412 -0.2307  0.3118  0.2412 -0.2307  0.3118
  108   O   Ox1  108  0.0647 -0.0380 -0.0738  0.0647 -0.0380 -0.0738
  108   O   Ox2  108  0.2788 -0.0747 -0.1765  0.2788 -0.0747 -0.1765
  109   O   Ox1  109 -0.1069 -0.2285  0.0261 -0.1069 -0.2285  0.0261
  109   O   Ox2  109 -0.0119 -0.4147 -0.0239 -0.0119 -0.4147 -0.0239
  110   O   Ox1  110 -0.1616 -0.3366  0.3716 -0.1616 -0.3366  0.3716
  110   O   Ox2  110 -0.1519  0.0919  0.1874 -0.1519  0.0919  0.1874
  111   O   Ox1  111 -0.1128  0.0537  0.0734 -0.1128  0.0537  0.0734
  111   O   Ox2  111 -0.3917  0.0660 -0.0772 -0.3917  0.0660 -0.0772
  112   O   Ox1  112 -0.0204 -0.0142 -0.1295 -0.0204 -0.0142 -0.1295
  112   O   Ox2  112  0.0968 -0.3832 -0.1979  0.0968 -0.3832 -0.1979
  113   O   Ox1  113 -0.2219  0.0540  0.1219 -0.2219  0.0540  0.1219
  113   O   Ox2  113  0.0532  0.1497  0.0769  0.0532  0.1497  0.0769
  114   O   Ox1  114 -0.0815 -0.3145  0.1049 -0.0815 -0.3145  0.1049
  114   O   Ox2  114 -0.3772  0.3555  0.0788 -0.3772  0.3555  0.0788
  115   O   Ox1  115  0.2729 -0.0226  0.2514  0.2729 -0.0226  0.2514
  115   O   Ox2  115 -0.0892 -0.0735  0.0396 -0.0892 -0.0735  0.0396
  116   O   Ox1  116  0.3304 -0.0072  0.0836  0.3304 -0.0072  0.0836
  116   O   Ox2  116  0.3596 -0.0359 -0.2954  0.3596 -0.0359 -0.2954
  117   O   Ox1  117  0.1226  0.0089 -0.0743  0.1226  0.0089 -0.0743
  117   O   Ox2  117 -0.0823 -0.1928  0.0391 -0.0823 -0.1928  0.0391
  118   O   Ox1  118  0.3067 -0.1076  0.1765  0.3067 -0.1076  0.1765
  118   O   Ox2  118 -0.2231 -0.1602 -0.2781 -0.2231 -0.1602 -0.2781
  119   O   Ox1  119  0.0668 -0.1409 -0.2738  0.0668 -0.1409 -0.2738
  119   O   Ox2  119 -0.1998  0.1571  0.0102 -0.1998  0.1571  0.0102
  120   O   Ox1  120 -0.1684  0.1470  0.0366 -0.1684  0.1470  0.0366
  120   O   Ox2  120 -0.0263  0.0747 -0.0735 -0.0263  0.0747 -0.0735
  121   O   Ox1  121 -0.0948 -0.0546 -0.0408 -0.0948 -0.0546 -0.0408
  121   O   Ox2  121 -0.0255  0.2021 -0.3783 -0.0255  0.2021 -0.3783
  122   O   Ox1  122  0.0515 -0.0193 -0.3111  0.0515 -0.0193 -0.3111
  122   O   Ox2  122  0.1757 -0.0465  0.3119  0.1757 -0.0465  0.3119
  123   O   Ox1  123  0.0388  0.1715 -0.2238  0.0388  0.1715 -0.2238
  123   O   Ox2  123 -0.1629  0.1434 -0.0322 -0.1629  0.1434 -0.0322
  124   O   Ox1  124  0.2712  0.2301  0.2518  0.2712  0.2301  0.2518
  124   O   Ox2  124  0.1022  0.1059 -0.0902  0.1022  0.1059 -0.0902
  125   O   Ox1  125  0.1418 -0.1196  0.1710  0.1418 -0.1196  0.1710
  125   O   Ox2  125 -0.0997 -0.0889  0.3265 -0.0997 -0.0889  0.3265
  126   O   Ox1  126 -0.1236  0.0047  0.0812 -0.1236  0.0047  0.0812
  126   O   Ox2  126  0.3929 -0.1063  0.2065  0.3929 -0.1063  0.2065
  127   O   Ox1  127  0.0357 -0.0122  0.0287  0.0357 -0.0122  0.0287
  127   O   Ox2  127  0.3576  0.3664 -0.0206  0.3576  0.3664 -0.0206
  128   O   Ox1  128  0.0530 -0.1081  0.0442  0.0530 -0.1081  0.0442
  128   O   Ox2  128 -0.0575 -0.0939 -0.0824 -0.0575 -0.0939 -0.0824
  129   O   Ox1  129  0.1977  0.0589 -0.2913  0.1977  0.0589 -0.2913
  129   O   Ox2  129 -0.1989  0.4645 -0.1590 -0.1989  0.4645 -0.1590
  130   O   Ox1  130 -0.0328 -0.0476  0.2139 -0.0328 -0.0476  0.2139
  130   O   Ox2  130 -0.0542  0.1269 -0.3446 -0.0542  0.1269 -0.3446
  131   O   Ox1  131  0.0381  0.0171  0.0818  0.0381  0.0171  0.0818
  131   O   Ox2  131  0.2794 -0.2020  0.3820  0.2794 -0.2020  0.3820
  132   O   Ox1  132 -0.1403  0.2108  0.3008 -0.1403  0.2108  0.3008
  132   O   Ox2  132 -0.2043 -0.0654  0.2167 -0.2043 -0.0654  0.2167
  133   O   Ox1  133  0.1109  0.1822  0.0219  0.1109  0.1822  0.0219
  133   O   Ox2  133 -0.1403 -0.1467 -0.3658 -0.1403 -0.1467 -0.3658
  134   O   Ox1  134  0.2621  0.0423 -0.2480  0.2621  0.0423 -0.2480
  134   O   Ox2  134 -0.2321  0.0747 -0.1189 -0.2321  0.0747 -0.1189
  135   O   Ox1  135  0.0718  0.1267 -0.0112  0.0718  0.1267 -0.0112
  135   O   Ox2  135  0.2297  0.0676  0.1110  0.2297  0.0676  0.1110
  136   O   Ox1  136 -0.1815  0.0364  0.0885 -0.1815  0.0364  0.0885
  136   O   Ox2  136 -0.1323 -0.0255 -0.0128 -0.1323 -0.0255 -0.0128
  137   O   Ox1  137  0.3248 -0.1489  0.1605  0.3248 -0.1489  0.1605
  137   O   Ox2  137  0.3216 -0.1570  0.0610  0.3216 -0.1570  0.0610
  138   O   Ox1  138  0.2304  0.0581  0.0211  0.2304  0.0581  0.0211
  138   O   Ox2  138  0.3098  0.1797 -0.1838  0.3098  0.1797 -0.1838
  139   O   Ox1  139  0.1113  0.2836  0.1738  0.1113  0.2836  0.1738
  139   O   Ox2  139  0.0392  0.1506 -0.0444  0.0392  0.1506 -0.0444
  140   O   Ox1  140  0.1662  0.5809 -0.2784  0.1662  0.5809 -0.2784
  140   O   Ox2  140  0.1957 -0.0941 -0.3622  0.1957 -0.0941 -0.3622
  141   O   Ox1  141 -0.0379  0.0815  0.1671 -0.0379  0.0815  0.1671
  141   O   Ox2  141  0.3049  0.0039  0.1121  0.3049  0.0039  0.1121
  142   O   Ox1  142  0.1756  0.2332 -0.0598  0.1756  0.2332 -0.0598
  142   O   Ox2  142  0.1714  0.2267 -0.1670  0.1714  0.2267 -0.1670
  143   O   Ox1  143  0.1499 -0.0912 -0.1812  0.1499 -0.0912 -0.1812
  143   O   Ox2  143  0.0208 -0.0141 -0.1595  0.0208 -0.0141 -0.1595
  144   O   Ox1  144 -0.0725 -0.1671  0.0500 -0.0725 -0.1671  0.0500
  144   O   Ox2  144  0.0879  0.3610  0.0092  0.0879  0.3610  0.0092
  145   O   Ox1  145 -0.0288  0.2510 -0.0619 -0.0288  0.2510 -0.0619
  145   O   Ox2  145 -0.1235  0.0239  0.0254 -0.1235  0.0239  0.0254
  146   O   Ox1  146 -0.0055 -0.0611 -0.0936 -0.0055 -0.0611 -0.0936
  146   O   Ox2  146  0.2923  0.3041 -0.1566  0.2923  0.3041 -0.1566
  147   O   Ox1  147 -0.3286 -0.1645 -0.0571 -0.3286 -0.1645 -0.0571
  147   O   Ox2  147  0.0346 -0.0540 -0.0968  0.0346 -0.0540 -0.0968
  148   O   Ox1  148  0.1707  0.0170 -0.0102  0.1707  0.0170 -0.0102
  148   O   Ox2  148  0.2185 -0.0434  0.1899  0.2185 -0.0434  0.1899
  149   O   Ox1  149  0.0397  0.2081 -0.1003  0.0397  0.2081 -0.1003
  149   O   Ox2  149  0.1783  0.1949  0.0218  0.1783  0.1949  0.0218
  150   O   Ox1  150  0.0933  0.0825 -0.0013  0.0933  0.0825 -0.0013
  150   O   Ox2  150 -0.1672  0.2145 -0.0421 -0.1672  0.2145 -0.0421
  151   O   Ox1  151  0.0653 -0.1374 -0.1576  0.0653 -0.1374 -0.1576
  151   O   Ox2  151  0.0194 -0.1084 -0.1257  0.0194 -0.1084 -0.1257
  152   O   Ox1  152  0.1232  0.0948 -0.2076  0.1232  0.0948 -0.2076
  152   O   Ox2  152  0.0543  0.1043 -0.0403  0.0543  0.1043 -0.0403
  153   O   Ox1  153 -0.2437 -0.1473  0.1734 -0.2437 -0.1473  0.1734
  153   O   Ox2  153  0.2194  0.2241 -0.0636  0.2194  0.2241 -0.0636
  154   O   Ox1  154 -0.0048  0.2888 -0.1518 -0.0048  0.2888 -0.1518
  154   O   Ox2  154  0.2626  0.2263 -0.2386  0.2626  0.2263 -0.2386
  155   O   Ox1  155  0.0638 -0.4606  0.0981  0.0638 -0.4606  0.0981
  155   O   Ox2  155  0.3415  0.0472 -0.0861  0.3415  0.0472 -0.0861
  156   O   Ox1  156 -0.1768  0.1523 -0.2369 -0.1768  0.1523 -0.2369
  156   O   Ox2  156 -0.1891 -0.0179 -0.0693 -0.1891 -0.0179 -0.0693
  157   O   Ox1  157 -0.3301  0.0414  0.1309 -0.3301  0.0414  0.1309
  157   O   Ox2  157 -0.0331  0.0460  0.2079 -0.0331  0.0460  0.2079
  158   O   Ox1  158  0.0637  0.1047 -0.1463  0.0637  0.1047 -0.1463
  158   O   Ox2  158  0.1638 -0.0527 -0.1723  0.1638 -0.0527 -0.1723
  159   O   Ox1  159 -0.1619  0.0416 -0.0547 -0.1619  0.0416 -0.0547
  159   O   Ox2  159 -0.1146 -0.1242 -0.3651 -0.1146 -0.1242 -0.3651
  160   O   Ox1  160  0.1648  0.2119  0.2581  0.1648  0.2119  0.2581
  160   O   Ox2  160 -0.1170 -0.0899  0.2488 -0.1170 -0.0899  0.2488
  161   O   Ox1  161  0.0176 -0.2453  0.0269  0.0176 -0.2453  0.0269
  161   O   Ox2  161 -0.1342 -0.1256  0.0347 -0.1342 -0.1256  0.0347
  162   O   Ox1  162  0.0546 -0.0213 -0.0110  0.0546 -0.0213 -0.0110
  162   O   Ox2  162  0.0780  0.0020 -0.1988  0.0780  0.0020 -0.1988
  163   O   Ox1  163  0.0718 -0.1841 -0.1174  0.0718 -0.1841 -0.1174
  163   O   Ox2  163 -0.0559 -0.1035 -0.0726 -0.0559 -0.1035 -0.0726
  164   O   Ox1  164 -0.3734  0.1351 -0.3398 -0.3734  0.1351 -0.3398
  164   O   Ox2  164 -0.3344  0.0490 -0.0528 -0.3344  0.0490 -0.0528
  165   O   Ox1  165 -0.1275  0.0305 -0.1181 -0.1275  0.0305 -0.1181
  165   O   Ox2  165 -0.2308  0.2220  0.0837 -0.2308  0.2220  0.0837
  166   O   Ox1  166  0.0556 -0.1148 -0.2911  0.0556 -0.1148 -0.2911
  166   O   Ox2  166  0.1411 -0.1685 -0.2058  0.1411 -0.1685 -0.2058
  167   O   Ox1  167 -0.1044 -0.1405  0.0499 -0.1044 -0.1405  0.0499
  167   O   Ox2  167  0.2504 -0.4448  0.0674  0.2504 -0.4448  0.0674
  168   O   Ox1  168 -0.0713  0.0709 -0.3309 -0.0713  0.0709 -0.3309
  168   O   Ox2  168 -0.1963  0.0031  0.0398 -0.1963  0.0031  0.0398
  169   O   Ox1  169 -0.2185 -0.0627  0.1436 -0.2185 -0.0627  0.1436
  169   O   Ox2  169  0.2425  0.1444 -0.0985  0.2425  0.1444 -0.0985
  170   O   Ox1  170 -0.0880 -0.1911  0.2151 -0.0880 -0.1911  0.2151
  170   O   Ox2  170  0.2544 -0.2402 -0.0474  0.2544 -0.2402 -0.0474
  171   O   Ox1  171  0.0020 -0.0314 -0.1467  0.0020 -0.0314 -0.1467
  171   O   Ox2  171 -0.0786  0.1578 -0.1398 -0.0786  0.1578 -0.1398
  172   O   Ox1  172  0.0205 -0.2056  0.1072  0.0205 -0.2056  0.1072
  172   O   Ox2  172 -0.1460 -0.0645  0.1385 -0.1460 -0.0645  0.1385
  173   O   Ox1  173  0.3123  0.1224  0.3848  0.3123  0.1224  0.3848
  173   O   Ox2  173  0.1269 -0.0291 -0.5419  0.1269 -0.0291 -0.5419
  174   O   Ox1  174 -0.1683 -0.1466 -0.0137 -0.1683 -0.1466 -0.0137
  174   O   Ox2  174 -0.1520 -0.1372 -0.2169 -0.1520 -0.1372 -0.2169
  175   O   Ox1  175  0.0764 -0.1127  0.4229  0.0764 -0.1127  0.4229
  175   O   Ox2  175  0.0708 -0.1716  0.4683  0.0708 -0.1716  0.4683
  176   O   Ox1  176 -0.1981  0.2036 -0.1300 -0.1981  0.2036 -0.1300
  176   O   Ox2  176 -0.0208  0.3521 -0.0445 -0.0208  0.3521 -0.0445
  177   O   Ox1  177 -0.1616  0.0323  0.0516 -0.1616  0.0323  0.0516
  177   O   Ox2  177 -0.0269  0.1970 -0.1703 -0.0269  0.1970 -0.1703
  178   O   Ox1  178  0.0988  0.0011 -0.2723  0.0988  0.0011 -0.2723
  178   O   Ox2  178  0.1402 -0.0161 -0.2473  0.1402 -0.0161 -0.2473
  179   O   Ox1  179 -0.0928  0.0298  0.1890 -0.0928  0.0298  0.1890
  179   O   Ox2  179 -0.4866 -0.2531  0.2560 -0.4866 -0.2531  0.2560
  180   O   Ox1  180  0.2071  0.1454 -0.3579  0.2071  0.1454 -0.3579
  180   O   Ox2  180  0.1753 -0.1551 -0.0877  0.1753 -0.1551 -0.0877
  181   O   Ox1  181  0.2196  0.1420 -0.0464  0.2196  0.1420 -0.0464
  181   O   Ox2  181  0.2203 -0.2268 -0.0708  0.2203 -0.2268 -0.0708
  182   O   Ox1  182 -0.2243  0.0101 -0.0346 -0.2243  0.0101 -0.0346
  182   O   Ox2  182 -0.1565  0.1616 -0.3600 -0.1565  0.1616 -0.3600
  183   O   Ox1  183 -0.0978  0.1237  0.0067 -0.0978  0.1237  0.0067
  183   O   Ox2  183 -0.1702  0.3718  0.1021 -0.1702  0.3718  0.1021
  184   O   Ox1  184  0.0284 -0.1012 -0.0307  0.0284 -0.1012 -0.0307
  184   O   Ox2  184 -0.0466 -0.2795  0.3384 -0.0466 -0.2795  0.3384
  185   O   Ox1  185  0.0371 -0.0751 -0.1493  0.0371 -0.0751 -0.1493
  185   O   Ox2  185 -0.1228 -0.3042 -0.2424 -0.1228 -0.3042 -0.2424
  186   O   Ox1  186  0.0502  0.1660 -0.3874  0.0502  0.1660 -0.3874
  186   O   Ox2  186  0.1908 -0.1714 -0.1771  0.1908 -0.1714 -0.1771
  187   O   Ox1  187 -0.0974  0.2406  0.2727 -0.0974  0.2406  0.2727
  187   O   Ox2  187 -0.0702  0.1818 -0.0742 -0.0702  0.1818 -0.0742
  188   O   Ox1  188 -0.0399  0.3140 -0.0433 -0.0399  0.3140 -0.0433
  188   O   Ox2  188  0.0954  0.0606 -0.1767  0.0954  0.0606 -0.1767
  189   O   Ox1  189  0.1302 -0.2138  0.0604  0.1302 -0.2138  0.0604
  189   O   Ox2  189  0.1479  0.1284 -0.0383  0.1479  0.1284 -0.0383
  190   O   Ox1  190 -0.0086  0.3003 -0.0485 -0.0086  0.3003 -0.0485
  190   O   Ox2  190  0.2191  0.0353  0.0451  0.2191  0.0353  0.0451
  191   O   Ox1  191  0.0471  0.0197 -0.0709  0.0471  0.0197 -0.0709
  191   O   Ox2  191 -0.0823 -0.0547  0.0350 -0.0823 -0.0547  0.0350
  192   O   Ox1  192 -0.2518 -0.0705  0.1565 -0.2518 -0.0705  0.1565
  192   O   Ox2  192 -0.1660 -0.0311  0.2601 -0.1660 -0.0311  0.2601
  193   O   Ox1  193  0.0951  0.0300  0.2412  0.0951  0.0300  0.2412
  193   O   Ox2  193  0.1789 -0.0794  0.1508  0.1789 -0.0794  0.1508
  194   O   Ox1  194  0.1689 -0.1732 -0.2690  0.1689 -0.1732 -0.2690
  194   O   Ox2  194  0.1716 -0.1855  0.0312  0.1716 -0.1855  0.0312
  195   O   Ox1  195  0.1293  0.3437  0.2633  0.1293  0.3437  0.2633
  195   O   Ox2  195  0.1961 -0.0173  0.0027  0.1961 -0.0173  0.0027
  196   O   Ox1  196  0.4969 -0.2775  0.1024  0.4969 -0.2775  0.1024
  196   O   Ox2  196  0.0800 -0.1277  0.0800  0.0800 -0.1277  0.0800
  197   O   Ox1  197 -0.1942 -0.4448  0.3072 -0.1942 -0.4448  0.3072
  197   O   Ox2  197  0.0120 -0.1416 -0.1226  0.0120 -0.1416 -0.1226
  198   O   Ox1  198 -0.2878  0.0336 -0.1057 -0.2878  0.0336 -0.1057
  198   O   Ox2  198 -0.2105 -0.0595 -0.1253 -0.2105 -0.0595 -0.1253
  199   O   Ox1  199 -0.5170  0.2225  0.4231 -0.5170  0.2225  0.4231
  199   O   Ox2  199 -0.1224 -0.1059 -0.2936 -0.1224 -0.1059 -0.2936
  200   O   Ox1  200  0.0110  0.0913 -0.0187  0.0110  0.0913 -0.0187
  200   O   Ox2  200 -0.0076  0.1288  0.0503 -0.0076  0.1288  0.0503
  201   O   Ox1  201 -0.3245 -0.1004  0.2396 -0.3245 -0.1004  0.2396
  201   O   Ox2  201 -0.0333  0.0167  0.0940 -0.0333  0.0167  0.0940
  202   O   Ox1  202 -0.2860 -0.0721 -0.0815 -0.2860 -0.0721 -0.0815
  202   O   Ox2  202  0.0892  0.0043  0.1207  0.0892  0.0043  0.1207
  203   O   Ox1  203  0.0545  0.0882  0.0859  0.0545  0.0882  0.0859
  203   O   Ox2  203 -0.0741  0.1225 -0.1181 -0.0741  0.1225 -0.1181
  204   O   Ox1  204  0.2315 -0.2787  0.3539  0.2315 -0.2787  0.3539
  204   O   Ox2  204 -0.0480 -0.1189 -0.0643 -0.0480 -0.1189 -0.0643
  205   O   Ox1  205  0.2748 -0.0812 -0.0572  0.2748 -0.0812 -0.0572
  205   O   Ox2  205 -0.2168  0.0868 -0.4272 -0.2168  0.0868 -0.4272
  206   O   Ox1  206 -0.3126 -0.1160 -0.1726 -0.3126 -0.1160 -0.1726
  206   O   Ox2  206 -0.2882  0.0186 -0.0710 -0.2882  0.0186 -0.0710
  207   O   Ox1  207 -0.2741 -0.0123 -0.1058 -0.2741 -0.0123 -0.1058
  207   O   Ox2  207 -0.2025 -0.2655  0.1633 -0.2025 -0.2655  0.1633
  208   O   Ox1  208 -0.0194  0.1252  0.1270 -0.0194  0.1252  0.1270
  208   O   Ox2  208  0.2910 -0.0805  0.0621  0.2910 -0.0805  0.0621
  209   O   Ox1  209  0.0051  0.2559 -0.0341  0.0051  0.2559 -0.0341
  209   O   Ox2  209 -0.0494  0.0738  0.0619 -0.0494  0.0738  0.0619
  210   O   Ox1  210  0.0693 -0.1063  0.1443  0.0693 -0.1063  0.1443
  210   O   Ox2  210 -0.0120  0.0106  0.1026 -0.0120  0.0106  0.1026
  211   O   Ox1  211  0.0023  0.2242 -0.1517  0.0023  0.2242 -0.1517
  211   O   Ox2  211 -0.0544  0.0285 -0.4787 -0.0544  0.0285 -0.4787
  212   O   Ox1  212 -0.2584 -0.1718  0.1084 -0.2584 -0.1718  0.1084
  212   O   Ox2  212  0.0939  0.0136  0.0912  0.0939  0.0136  0.0912
  213   O   Ox1  213  0.0184 -0.1257  0.1947  0.0184 -0.1257  0.1947
  213   O   Ox2  213  0.0453 -0.1063  0.1297  0.0453 -0.1063  0.1297
  214   O   Ox1  214  0.1623  0.2518  0.0968  0.1623  0.2518  0.0968
  214   O   Ox2  214  0.1035  0.2482  0.0556  0.1035  0.2482  0.0556
  215   O   Ox1  215 -0.4332 -0.0129 -0.0708 -0.4332 -0.0129 -0.0708
  215   O   Ox2  215 -0.1495 -0.1102 -0.2679 -0.1495 -0.1102 -0.2679
  216   O   Ox1  216 -0.0265  0.0807 -0.2796 -0.0265  0.0807 -0.2796
  216   O   Ox2  216  0.0770  0.0176 -0.3131  0.0770  0.0176 -0.3131
  217   O   Ox1  217  0.4934  0.0555  0.1963  0.4934  0.0555  0.1963
  217   O   Ox2  217  0.1321 -0.0067 -0.0733  0.1321 -0.0067 -0.0733
  218   O   Ox1  218 -0.0566  0.0154  0.2785 -0.0566  0.0154  0.2785
  218   O   Ox2  218 -0.0337 -0.4501  0.0184 -0.0337 -0.4501  0.0184
  219   O   Ox1  219  0.2503  0.2324  0.3215  0.2503  0.2324  0.3215
  219   O   Ox2  219  0.0125  0.2729 -0.0953  0.0125  0.2729 -0.0953
  220   O   Ox1  220 -0.2024 -0.1478  0.1824 -0.2024 -0.1478  0.1824
  220   O   Ox2  220 -0.1140 -0.1668  0.2372 -0.1140 -0.1668  0.2372
  221   O   Ox1  221 -0.1403  0.0567 -0.0185 -0.1403  0.0567 -0.0185
  221   O   Ox2  221 -0.1024  0.0348  0.0182 -0.1024  0.0348  0.0182
  222   O   Ox1  222  0.1345 -0.2407  0.0364  0.1345 -0.2407  0.0364
  222   O   Ox2  222 -0.1203  0.0621 -0.0354 -0.1203  0.0621 -0.0354
  223   O   Ox1  223 -0.2680 -0.3725 -0.0800 -0.2680 -0.3725 -0.0800
  223   O   Ox2  223 -0.2182 -0.0877 -0.2492 -0.2182 -0.0877 -0.2492
  224   O   Ox1  224 -0.2456 -0.1013 -0.1154 -0.2456 -0.1013 -0.1154
  224   O   Ox2  224  0.0728  0.4318 -0.1999  0.0728  0.4318 -0.1999
  225   O   Ox1  225 -0.3900  0.0175  0.0813 -0.3900  0.0175  0.0813
  225   O   Ox2  225 -0.1583 -0.1878 -0.1205 -0.1583 -0.1878 -0.1205
  226   O   Ox1  226 -0.0536 -0.1235 -0.1488 -0.0536 -0.1235 -0.1488
  226   O   Ox2  226  0.3933  0.3707  0.1693  0.3933  0.3707  0.1693
  227   O   Ox1  227 -0.0443  0.0576  0.0187 -0.0443  0.0576  0.0187
  227   O   Ox2  227 -0.3706 -0.1425  0.2417 -0.3706 -0.1425  0.2417
  228   O   Ox1  228  0.0074 -0.1800 -0.0375  0.0074 -0.1800 -0.0375
  228   O   Ox2  228  0.0335 -0.2738  0.0950  0.0335 -0.2738  0.0950
  229   O   Ox1  229 -0.0239  0.1991  0.0537 -0.0239  0.1991  0.0537
  229   O   Ox2  229 -0.0423  0.1982  0.1201 -0.0423  0.1982  0.1201
  230   O   Ox1  230 -0.0601  0.5064 -0.1145 -0.0601  0.5064 -0.1145
  230   O   Ox2  230 -0.0411  0.1275  0.1476 -0.0411  0.1275  0.1476
  231   O   Ox1  231 -0.1103  0.1271 -0.0179 -0.1103  0.1271 -0.0179
  231   O   Ox2  231 -0.1727  0.1652 -0.0224 -0.1727  0.1652 -0.0224
  232   O   Ox1  232 -0.1202 -0.3235  0.2026 -0.1202 -0.3235  0.2026
  232   O   Ox2  232 -0.5111 -0.0675  0.0448 -0.5111 -0.0675  0.0448
  233   O   Ox1  233 -0.2576 -0.0110 -0.1312 -0.2576 -0.0110 -0.1312
  233   O   Ox2  233  0.0206 -0.2214  0.0421  0.0206 -0.2214  0.0421
  234   O   Ox1  234  0.1161 -0.1252 -0.0538  0.1161 -0.1252 -0.0538
  234   O   Ox2  234 -0.2986 -0.1232  0.0086 -0.2986 -0.1232  0.0086
  235   O   Ox1  235 -0.3831 -0.3935 -0.0436 -0.3831 -0.3935 -0.0436
  235   O   Ox2  235 -0.3060 -0.3451  0.0163 -0.3060 -0.3451  0.0163
  236   O   Ox1  236  0.3558 -0.2152 -0.1302  0.3558 -0.2152 -0.1302
  236   O   Ox2  236  0.2057 -0.0519 -0.1446  0.2057 -0.0519 -0.1446
  237   O   Ox1  237  0.0162  0.0512  0.0064  0.0162  0.0512  0.0064
  237   O   Ox2  237 -0.0508 -0.1451 -0.1226 -0.0508 -0.1451 -0.1226
  238   O   Ox1  238  0.1492 -0.1099 -0.0687  0.1492 -0.1099 -0.0687
  238   O   Ox2  238 -0.2996  0.1463 -0.0992 -0.2996  0.1463 -0.0992
  239   O   Ox1  239  0.2641  0.1872 -0.0907  0.2641  0.1872 -0.0907
  239   O   Ox2  239  0.3353  0.0385 -0.0325  0.3353  0.0385 -0.0325
  240   O   Ox1  240 -0.1095 -0.2076  0.0648 -0.1095 -0.2076  0.0648
  240   O   Ox2  240 -0.0404 -0.2230  0.1078 -0.0404 -0.2230  0.1078
  241   O   Ox1  241 -0.3051  0.1877 -0.0712 -0.3051  0.1877 -0.0712
  241   O   Ox2  241  0.0661 -0.0931 -0.1065  0.0661 -0.0931 -0.1065
  242   O   Ox1  242 -0.2378 -0.1403  0.0224 -0.2378 -0.1403  0.0224
  242   O   Ox2  242  0.0972  0.0917  0.0837  0.0972  0.0917  0.0837
  243   O   Ox1  243 -0.0315  0.1008 -0.0615 -0.0315  0.1008 -0.0615
  243   O   Ox2  243  0.0404  0.1603  0.1440  0.0404  0.1603  0.1440
  244   O   Ox1  244 -0.0792  0.0939 -0.0087 -0.0792  0.0939 -0.0087
  244   O   Ox2  244 -0.0725 -0.1136  0.0546 -0.0725 -0.1136  0.0546
  245   O   Ox1  245  0.3078 -0.1322 -0.3314  0.3078 -0.1322 -0.3314
  245   O   Ox2  245  0.2164  0.2106 -0.0488  0.2164  0.2106 -0.0488
  246   O   Ox1  246  0.1781  0.1115 -0.1566  0.1781  0.1115 -0.1566
  246   O   Ox2  246  0.2748  0.0995 -0.1459  0.2748  0.0995 -0.1459
  247   O   Ox1  247 -0.0356  0.0606 -0.2168 -0.0356  0.0606 -0.2168
  247   O   Ox2  247 -0.0275  0.0691  0.0287 -0.0275  0.0691  0.0287
  248   O   Ox1  248  0.2109  0.1320  0.1186  0.2109  0.1320  0.1186
  248   O   Ox2  248  0.2187 -0.0381  0.0670  0.2187 -0.0381  0.0670
  249   O   Ox1  249 -0.0915  0.1287  0.1489 -0.0915  0.1287  0.1489
  249   O   Ox2  249 -0.1387  0.2040  0.2975 -0.1387  0.2040  0.2975
  250   O   Ox1  250 -0.1519 -0.5417  0.0580 -0.1519 -0.5417  0.0580
  250   O   Ox2  250  0.0560 -0.3614 -0.1876  0.0560 -0.3614 -0.1876
  251   O   Ox1  251  0.3101  0.0528  0.1537  0.3101  0.0528  0.1537
  251   O   Ox2  251 -0.3222 -0.0265 -0.0934 -0.3222 -0.0265 -0.0934
  252   O   Ox1  252 -0.3233  0.0984 -0.1293 -0.3233  0.0984 -0.1293
  252   O   Ox2  252 -0.0896 -0.0208 -0.3584 -0.0896 -0.0208 -0.3584
  253   O   Ox1  253  0.0126 -0.0601  0.2126  0.0126 -0.0601  0.2126
  253   O   Ox2  253 -0.1749  0.2547 -0.0933 -0.1749  0.2547 -0.0933
  254   O   Ox1  254 -0.2009  0.0960  0.4198 -0.2009  0.0960  0.4198
  254   O   Ox2  254 -0.3004  0.0852 -0.0076 -0.3004  0.0852 -0.0076
  255   O   Ox1  255  0.0065 -0.0230  0.0287  0.0065 -0.0230  0.0287
  255   O   Ox2  255  0.1613  0.0554  0.0075  0.1613  0.0554  0.0075
  256   O   Ox1  256  0.2891 -0.4354  0.0354  0.2891 -0.4354  0.0354
  256   O   Ox2  256  0.2013 -0.3656 -0.0344  0.2013 -0.3656 -0.0344
  257   O   Ox1  257 -0.0526 -0.0311  0.1309 -0.0526 -0.0311  0.1309
  257   O   Ox2  257  0.0964 -0.0206 -0.0887  0.0964 -0.0206 -0.0887
  258   O   Ox1  258  0.2248  0.1711 -0.0867  0.2248  0.1711 -0.0867
  258   O   Ox2  258 -0.3034  0.2120  0.2504 -0.3034  0.2120  0.2504
  259   O   Ox1  259 -0.2206 -0.2084  0.4457 -0.2206 -0.2084  0.4457
  259   O   Ox2  259 -0.2368  0.0855  0.2722 -0.2368  0.0855  0.2722
  260   O   Ox1  260  0.0066 -0.2886 -0.1084  0.0066 -0.2886 -0.1084
  260   O   Ox2  260 -0.0614 -0.1161  0.0828 -0.0614 -0.1161  0.0828
  261   O   Ox1  261 -0.1210  0.0414 -0.0426 -0.1210  0.0414 -0.0426
  261   O   Ox2  261  0.2330  0.1994  0.1958  0.2330  0.1994  0.1958
  262   O   Ox1  262 -0.0659  0.0276  0.0643 -0.0659  0.0276  0.0643
  262   O   Ox2  262  0.2661  0.2066  0.2243  0.2661  0.2066  0.2243
  263   O   Ox1  263  0.0131 -0.0358  0.4038  0.0131 -0.0358  0.4038
  263   O   Ox2  263 -0.0417 -0.1845 -0.3216 -0.0417 -0.1845 -0.3216
  264   O   Ox1  264 -0.0995  0.1227 -0.3190 -0.0995  0.1227 -0.3190
  264   O   Ox2  264 -0.0299  0.0551  0.0649 -0.0299  0.0551  0.0649
  265   O   Ox1  265 -0.3651 -0.1648 -0.0438 -0.3651 -0.1648 -0.0438
  265   O   Ox2  265 -0.2080 -0.0248 -0.2015 -0.2080 -0.0248 -0.2015
  266   O   Ox1  266  0.2883  0.0215 -0.0273  0.2883  0.0215 -0.0273
  266   O   Ox2  266 -0.2010 -0.0360  0.1786 -0.2010 -0.0360  0.1786
  267   O   Ox1  267  0.0703 -0.0342 -0.0086  0.0703 -0.0342 -0.0086
  267   O   Ox2  267 -0.0845  0.0323  0.0047 -0.0845  0.0323  0.0047
  268   O   Ox1  268 -0.3835  0.2689  0.2322 -0.3835  0.2689  0.2322
  268   O   Ox2  268 -0.1448  0.1126  0.2676 -0.1448  0.1126  0.2676
  269   O   Ox1  269 -0.0165  0.2213 -0.0652 -0.0165  0.2213 -0.0652
  269   O   Ox2  269  0.1114  0.1220 -0.0385  0.1114  0.1220 -0.0385
  270   O   Ox1  270 -0.0730 -0.1566  0.1503 -0.0730 -0.1566  0.1503
  270   O   Ox2  270  0.0030 -0.1926  0.1398  0.0030 -0.1926  0.1398
  271   O   Ox1  271 -0.3620  0.0230 -0.2418 -0.3620  0.0230 -0.2418
  271   O   Ox2  271 -0.1098 -0.0781  0.0098 -0.1098 -0.0781  0.0098
  272   O   Ox1  272  0.0285 -0.1589  0.2770  0.0285 -0.1589  0.2770
  272   O   Ox2  272 -0.0361 -0.0919 -0.4350 -0.0361 -0.0919 -0.4350
  273   O   Ox1  273  0.0330 -0.1908  0.2968  0.0330 -0.1908  0.2968
  273   O   Ox2  273 -0.3390 -0.0304  0.0846 -0.3390 -0.0304  0.0846
  274   O   Ox1  274  0.1335  0.2750  0.1101  0.1335  0.2750  0.1101
  274   O   Ox2  274 -0.0115  0.1384 -0.3871 -0.0115  0.1384 -0.3871
  275   O   Ox1  275  0.0513 -0.5064 -0.1571  0.0513 -0.5064 -0.1571
  275   O   Ox2  275 -0.1790  0.1333  0.1358 -0.1790  0.1333  0.1358
  276   O   Ox1  276  0.2780  0.1122  0.3993  0.2780  0.1122  0.3993
  276   O   Ox2  276 -0.2303  0.1923  0.2790 -0.2303  0.1923  0.2790
  277   O   Ox1  277 -0.0074 -0.1241  0.0919 -0.0074 -0.1241  0.0919
  277   O   Ox2  277 -0.0962 -0.0647  0.0215 -0.0962 -0.0647  0.0215
  278   O   Ox1  278  0.2048  0.2546  0.1025  0.2048  0.2546  0.1025
  278   O   Ox2  278  0.1635 -0.0608 -0.2636  0.1635 -0.0608 -0.2636
  279   O   Ox1  279 -0.0169 -0.0092 -0.0780 -0.0169 -0.0092 -0.0780
  279   O   Ox2  279 -0.2400 -0.0815  0.2224 -0.2400 -0.0815  0.2224
  280   O   Ox1  280 -0.1987  0.1095  0.0885 -0.1987  0.1095  0.0885
  280   O   Ox2  280 -0.2747 -0.1060  0.2338 -0.2747 -0.1060  0.2338
  281   O   Ox1  281 -0.0002 -0.0147  0.1161 -0.0002 -0.0147  0.1161
  281   O   Ox2  281 -0.0985 -0.2278 -0.1590 -0.0985 -0.2278 -0.1590
  282   O   Ox1  282 -0.2773  0.2466  0.2307 -0.2773  0.2466  0.2307
  282   O   Ox2  282  0.0168 -0.1681 -0.3080  0.0168 -0.1681 -0.3080
  283   O   Ox1  283  0.4384  0.0410 -0.0260  0.4384  0.0410 -0.0260
  283   O   Ox2  283  0.2908  0.1490  0.0944  0.2908  0.1490  0.0944
  284   O   Ox1  284  0.0817  0.2278  0.1958  0.0817  0.2278  0.1958
  284   O   Ox2  284  0.0129  0.2731  0.0872  0.0129  0.2731  0.0872
  285   O   Ox1  285  0.1762  0.0179 -0.1502  0.1762  0.0179 -0.1502
  285   O   Ox2  285 -0.0892 -0.1833  0.0961 -0.0892 -0.1833  0.0961
  286   O   Ox1  286 -0.2431 -0.2430  0.1661 -0.2431 -0.2430  0.1661
  286   O   Ox2  286 -0.0878 -0.2010 -0.0450 -0.0878 -0.2010 -0.0450
  287   O   Ox1  287  0.4666 -0.0056 -0.0100  0.4666 -0.0056 -0.0100
  287   O   Ox2  287 -0.0290 -0.0341  0.0495 -0.0290 -0.0341  0.0495
  288   O   Ox1  288  0.1729  0.2956  0.0188  0.1729  0.2956  0.0188
  288   O   Ox2  288 -0.0257  0.4005 -0.0127 -0.0257  0.4005 -0.0127
  289   O   Ox1  289 -0.0749 -0.1569 -0.0222 -0.0749 -0.1569 -0.0222
  289   O   Ox2  289  0.0889  0.2124  0.1489  0.0889  0.2124  0.1489
  290   O   Ox1  290 -0.0497  0.2196 -0.2294 -0.0497  0.2196 -0.2294
  290   O   Ox2  290 -0.1483  0.1986 -0.2962 -0.1483  0.1986 -0.2962
  291   O   Ox1  291 -0.1344  0.0422 -0.1090 -0.1344  0.0422 -0.1090
  291   O   Ox2  291 -0.0700  0.0633 -0.0046 -0.0700  0.0633 -0.0046
  292   O   Ox1  292  0.0991  0.1394 -0.1439  0.0991  0.1394 -0.1439
  292   O   Ox2  292 -0.1705  0.2593  0.1197 -0.1705  0.2593  0.1197
  293   O   Ox1  293 -0.2012 -0.0214 -0.0286 -0.2012 -0.0214 -0.0286
  293   O   Ox2  293 -0.0675  0.1010  0.1616 -0.0675  0.1010  0.1616
  294   O   Ox1  294 -0.2207  0.0234 -0.2254 -0.2207  0.0234 -0.2254
  294   O   Ox2  294  0.0566 -0.2670  0.0579  0.0566 -0.2670  0.0579
  295   O   Ox1  295 -0.1570  0.1391 -0.0537 -0.1570  0.1391 -0.0537
  295   O   Ox2  295 -0.0978  0.2888  0.0736 -0.0978  0.2888  0.0736
  296   O   Ox1  296  0.1492  0.0855 -0.0048  0.1492  0.0855 -0.0048
  296   O   Ox2  296 -0.0069 -0.2194  0.2444 -0.0069 -0.2194  0.2444
  297   O   Ox1  297  0.1867  0.2503 -0.2792  0.1867  0.2503 -0.2792
  297   O   Ox2  297  0.0755  0.0159  0.0917  0.0755  0.0159  0.0917
  298   O   Ox1  298  0.0086  0.0820  0.1696  0.0086  0.0820  0.1696
  298   O   Ox2  298  0.0010 -0.1473  0.1193  0.0010 -0.1473  0.1193
  299   O   Ox1  299 -0.0865 -0.2873 -0.1644 -0.0865 -0.2873 -0.1644
  299   O   Ox2  299 -0.0478 -0.0340 -0.2178 -0.0478 -0.0340 -0.2178
  300   O   Ox1  300 -0.1849 -0.0174  0.0358 -0.1849 -0.0174  0.0358
  300   O   Ox2  300 -0.1658  0.1290 -0.0021 -0.1658  0.1290 -0.0021
  301   O   Ox1  301 -0.3525  0.1953  0.3651 -0.3525  0.1953  0.3651
  301   O   Ox2  301 -0.3788 -0.1550  0.1802 -0.3788 -0.1550  0.1802
  302   O   Ox1  302  0.0466 -0.2533  0.0946  0.0466 -0.2533  0.0946
  302   O   Ox2  302  0.0398 -0.1953  0.0752  0.0398 -0.1953  0.0752
  303   O   Ox1  303 -0.0033  0.0189  0.0671 -0.0033  0.0189  0.0671
  303   O   Ox2  303  0.2018 -0.1590  0.0468  0.2018 -0.1590  0.0468
  304   O   Ox1  304 -0.1682 -0.0376 -0.0309 -0.1682 -0.0376 -0.0309
  304   O   Ox2  304 -0.1930 -0.1594 -0.0652 -0.1930 -0.1594 -0.0652
  305   O   Ox1  305  0.3921 -0.0341  0.1353  0.3921 -0.0341  0.1353
  305   O   Ox2  305  0.0191  0.0245  0.0864  0.0191  0.0245  0.0864
  306   O   Ox1  306  0.2635  0.0544 -0.0877  0.2635  0.0544 -0.0877
  306   O   Ox2  306 -0.0208  0.0426 -0.0795 -0.0208  0.0426 -0.0795
  307   O   Ox1  307 -0.1722 -0.0887 -0.1544 -0.1722 -0.0887 -0.1544
  307   O   Ox2  307 -0.0715 -0.2552  0.0458 -0.0715 -0.2552  0.0458
  308   O   Ox1  308 -0.2188 -0.2736  0.0616 -0.2188 -0.2736  0.0616
  308   O   Ox2  308 -0.0224  0.0702  0.0472 -0.0224  0.0702  0.0472
  309   O   Ox1  309 -0.2215 -0.0181  0.0160 -0.2215 -0.0181  0.0160
  309   O   Ox2  309 -0.3017 -0.0994 -0.1872 -0.3017 -0.0994 -0.1872
  310   O   Ox1  310  0.3087  0.2389 -0.2636  0.3087  0.2389 -0.2636
  310   O   Ox2  310 -0.0208 -0.1156 -0.2178 -0.0208 -0.1156 -0.2178
  311   O   Ox1  311  0.0428  0.0333 -0.0406  0.0428  0.0333 -0.0406
  311   O   Ox2  311  0.3823 -0.0299 -0.1623  0.3823 -0.0299 -0.1623
  312   O   Ox1  312 -0.1758  0.1913  0.0005 -0.1758  0.1913  0.0005
  312   O   Ox2  312 -0.0092  0.3725 -0.0566 -0.0092  0.3725 -0.0566
  313   O   Ox1  313  0.1911  0.0598 -0.2053  0.1911  0.0598 -0.2053
  313   O   Ox2  313  0.0634 -0.2266  0.2557  0.0634 -0.2266  0.2557
  314   O   Ox1  314 -0.0406  0.0871 -0.3195 -0.0406  0.0871 -0.3195
  314   O   Ox2  314  0.1189 -0.1370  0.1176  0.1189 -0.1370  0.1176
  315   O   Ox1  315 -0.1966 -0.0834 -0.0513 -0.1966 -0.0834 -0.0513
  315   O   Ox2  315 -0.0223 -0.0017  0.3588 -0.0223 -0.0017  0.3588
  316   O   Ox1  316 -0.2879 -0.0199 -0.0576 -0.2879 -0.0199 -0.0576
  316   O   Ox2  316 -0.0336  0.2310  0.2738 -0.0336  0.2310  0.2738
  317   O   Ox1  317  0.0465  0.0320 -0.0099  0.0465  0.0320 -0.0099
  317   O   Ox2  317 -0.0534  0.0857 -0.1114 -0.0534  0.0857 -0.1114
  318   O   Ox1  318 -0.0153 -0.1453  0.0856 -0.0153 -0.1453  0.0856
  318   O   Ox2  318  0.3875 -0.0049  0.2600  0.3875 -0.0049  0.2600
  319   O   Ox1  319 -0.0872 -0.3333 -0.0761 -0.0872 -0.3333 -0.0761
  319   O   Ox2  319  0.0309 -0.0132  0.0475  0.0309 -0.0132  0.0475
  320   O   Ox1  320  0.1750  0.2131  0.0642  0.1750  0.2131  0.0642
  320   O   Ox2  320 -0.0420  0.1837  0.0185 -0.0420  0.1837  0.0185
  321   O   Ox1  321  0.1416 -0.0024  0.0688  0.1416 -0.0024  0.0688
  321   O   Ox2  321 -0.0502 -0.0621  0.1032 -0.0502 -0.0621  0.1032
  322   O   Ox1  322  0.1947 -0.0051 -0.0993  0.1947 -0.0051 -0.0993
  322   O   Ox2  322  0.1289 -0.1089 -0.0061  0.1289 -0.1089 -0.0061
  323   O   Ox1  323  0.2336 -0.0089 -0.0314  0.2336 -0.0089 -0.0314
  323   O   Ox2  323 -0.0678 -0.0892 -0.0670 -0.0678 -0.0892 -0.0670
  324   O   Ox1  324 -0.0835 -0.0814 -0.1105 -0.0835 -0.0814 -0.1105
  324   O   Ox2  324  0.0049  0.0947 -0.0980  0.0049  0.0947 -0.0980
  325   O   Ox1  325  0.2582  0.1131  0.3798  0.2582  0.1131  0.3798
  325   O   Ox2  325  0.0486  0.1925 -0.0642  0.0486  0.1925 -0.0642
  326   O   Ox1  326  0.3311 -0.0401  0.0870  0.3311 -0.0401  0.0870
  326   O   Ox2  326  0.0405 -0.1015 -0.1979  0.0405 -0.1015 -0.1979
  327   O   Ox1  327  0.2858  0.1677 -0.2643  0.2858  0.1677 -0.2643
  327   O   Ox2  327 -0.2884 -0.0342  0.1434 -0.2884 -0.0342  0.1434
  328   O   Ox1  328 -0.2578 -0.1635 -0.3843 -0.2578 -0.1635 -0.3843
  328   O   Ox2  328 -0.1350  0.1248 -0.1921 -0.1350  0.1248 -0.1921
  329   O   Ox1  329 -0.0731 -0.1207 -0.2058 -0.0731 -0.1207 -0.2058
  329   O   Ox2  329 -0.0203 -0.1276 -0.2479 -0.0203 -0.1276 -0.2479
  330   O   Ox1  330  0.1496  0.1079 -0.0474  0.1496  0.1079 -0.0474
  330   O   Ox2  330  0.4272 -0.3135 -0.1476  0.4272 -0.3135 -0.1476
  331   O   Ox1  331  0.3114 -0.2721 -0.1353  0.3114 -0.2721 -0.1353
  331   O   Ox2  331  0.4489 -0.2799 -0.0260  0.4489 -0.2799 -0.0260
  332   O   Ox1  332 -0.4355  0.0300 -0.0727 -0.4355  0.0300 -0.0727
  332   O   Ox2  332 -0.2291 -0.2950 -0.3125 -0.2291 -0.2950 -0.3125
  333   O   Ox1  333  0.2117  0.3479  0.0940  0.2117  0.3479  0.0940
  333   O   Ox2  333 -0.4311  0.0763 -0.1446 -0.4311  0.0763 -0.1446
  334   O   Ox1  334 -0.1686 -0.0386 -0.2345 -0.1686 -0.0386 -0.2345
  334   O   Ox2  334  0.1683  0.1084 -0.2873  0.1683  0.1084 -0.2873
  335   O   Ox1  335 -0.0690 -0.1241 -0.0528 -0.0690 -0.1241 -0.0528
  335   O   Ox2  335 -0.0484 -0.1544 -0.0406 -0.0484 -0.1544 -0.0406
  336   O   Ox1  336  0.0967  0.0883  0.2120  0.0967  0.0883  0.2120
  336   O   Ox2  336  0.1188 -0.0099  0.0722  0.1188 -0.0099  0.0722
  337   O   Ox1  337  0.0962 -0.0797  0.0088  0.0962 -0.0797  0.0088
  337   O   Ox2  337  0.0033  0.0420 -0.1759  0.0033  0.0420 -0.1759
  338   O   Ox1  338  0.2226  0.1707  0.1518  0.2226  0.1707  0.1518
  338   O   Ox2  338  0.1495 -0.3573  0.5306  0.1495 -0.3573  0.5306
  339   O   Ox1  339  0.0678  0.0792  0.1249  0.0678  0.0792  0.1249
  339   O   Ox2  339 -0.0170 -0.1324  0.0053 -0.0170 -0.1324  0.0053
  340   O   Ox1  340 -0.0307  0.1475  0.0909 -0.0307  0.1475  0.0909
  340   O   Ox2  340 -0.1455  0.2881  0.2831 -0.1455  0.2881  0.2831
  341   O   Ox1  341 -0.1277 -0.0652  0.0335 -0.1277 -0.0652  0.0335
  341   O   Ox2  341 -0.1954  0.4023 -0.1985 -0.1954  0.4023 -0.1985
  342   O   Ox1  342 -0.1582 -0.1442 -0.0354 -0.1582 -0.1442 -0.0354
  342   O   Ox2  342  0.0451 -0.0684 -0.2960  0.0451 -0.0684 -0.2960
  343   O   Ox1  343  0.1485 -0.1539  0.0056  0.1485 -0.1539  0.0056
  343   O   Ox2  343  0.0271  0.0170 -0.0183  0.0271  0.0170 -0.0183
  344   O   Ox1  344 -0.0354  0.2606 -0.0362 -0.0354  0.2606 -0.0362
  344   O   Ox2  344  0.1788 -0.0967  0.0511  0.1788 -0.0967  0.0511
  345   O   Ox1  345  0.0839  0.0083  0.0918  0.0839  0.0083  0.0918
  345   O   Ox2  345  0.1519 -0.2373 -0.1889  0.1519 -0.2373 -0.1889
  346   O   Ox1  346 -0.0013  0.1218  0.1969 -0.0013  0.1218  0.1969
  346   O   Ox2  346  0.3434  0.0235 -0.0552  0.3434  0.0235 -0.0552
  347   O   Ox1  347 -0.0095  0.0032 -0.1215 -0.0095  0.0032 -0.1215
  347   O   Ox2  347  0.0937 -0.0103  0.0732  0.0937 -0.0103  0.0732
  348   O   Ox1  348  0.1564 -0.0030  0.1754  0.1564 -0.0030  0.1754
  348   O   Ox2  348  0.0327  0.0114  0.1202  0.0327  0.0114  0.1202
  349   O   Ox1  349 -0.1645 -0.2596  0.1463 -0.1645 -0.2596  0.1463
  349   O   Ox2  349 -0.0801 -0.1997 -0.0078 -0.0801 -0.1997 -0.0078
  350   O   Ox1  350  0.1108 -0.0055 -0.2617  0.1108 -0.0055 -0.2617
  350   O   Ox2  350  0.0381 -0.2813  0.3289  0.0381 -0.2813  0.3289
  351   O   Ox1  351  0.2378  0.4600 -0.0103  0.2378  0.4600 -0.0103
  351   O   Ox2  351  0.1322  0.1277  0.0669  0.1322  0.1277  0.0669
  352   O   Ox1  352  0.0866 -0.1162  0.0515  0.0866 -0.1162  0.0515
  352   O   Ox2  352  0.1697 -0.1200  0.0082  0.1697 -0.1200  0.0082
  353   O   Ox1  353 -0.1368  0.1139 -0.2596 -0.1368  0.1139 -0.2596
  353   O   Ox2  353 -0.0112 -0.2461 -0.0087 -0.0112 -0.2461 -0.0087
  354   O   Ox1  354  0.0594  0.2989  0.1741  0.0594  0.2989  0.1741
  354   O   Ox2  354 -0.2590  0.0321  0.1277 -0.2590  0.0321  0.1277
  355   O   Ox1  355  0.0556  0.0202  0.3177  0.0556  0.0202  0.3177
  355   O   Ox2  355  0.0770 -0.0972  0.2132  0.0770 -0.0972  0.2132
  356   O   Ox1  356 -0.2520 -0.0025 -0.0317 -0.2520 -0.0025 -0.0317
  356   O   Ox2  356 -0.0214 -0.2058  0.2389 -0.0214 -0.2058  0.2389
  357   O   Ox1  357  0.2523 -0.0954 -0.0448  0.2523 -0.0954 -0.0448
  357   O   Ox2  357  0.0303 -0.4736  0.3826  0.0303 -0.4736  0.3826
  358   O   Ox1  358 -0.2104  0.1134  0.4537 -0.2104  0.1134  0.4537
  358   O   Ox2  358 -0.0395 -0.1395 -0.0896 -0.0395 -0.1395 -0.0896
  359   O   Ox1  359  0.0785 -0.2062 -0.0201  0.0785 -0.2062 -0.0201
  359   O   Ox2  359  0.0417 -0.0671 -0.0126  0.0417 -0.0671 -0.0126
  360   O   Ox1  360  0.1687  0.1273 -0.2368  0.1687  0.1273 -0.2368
  360   O   Ox2  360  0.1996 -0.0942 -0.1241  0.1996 -0.0942 -0.1241
  361   O   Ox1  361 -0.2352  0.3293  0.0905 -0.2352  0.3293  0.0905
  361   O   Ox2  361 -0.1076  0.0595 -0.2446 -0.1076  0.0595 -0.2446
  362   O   Ox1  362  0.1612  0.0029 -0.0297  0.1612  0.0029 -0.0297
  362   O   Ox2  362  0.1667 -0.0335 -0.0491  0.1667 -0.0335 -0.0491
  363   O   Ox1  363  0.2210  0.3664 -0.0999  0.2210  0.3664 -0.0999
  363   O   Ox2  363 -0.1252 -0.1326  0.1838 -0.1252 -0.1326  0.1838
  364   O   Ox1  364 -0.0534 -0.0481 -0.0426 -0.0534 -0.0481 -0.0426
  364   O   Ox2  364 -0.1977 -0.0274  0.1341 -0.1977 -0.0274  0.1341
  365   O   Ox1  365  0.1897  0.1581  0.0424  0.1897  0.1581  0.0424
  365   O   Ox2  365  0.1024  0.1336 -0.1654  0.1024  0.1336 -0.1654
  366   O   Ox1  366  0.0801  0.4077 -0.0218  0.0801  0.4077 -0.0218
  366   O   Ox2  366 -0.0256  0.4167 -0.0379 -0.0256  0.4167 -0.0379
  367   O   Ox1  367 -0.0309  0.0430 -0.1448 -0.0309  0.0430 -0.1448
  367   O   Ox2  367  0.0570  0.1830  0.0786  0.0570  0.1830  0.0786
  368   O   Ox1  368  0.1938 -0.0168 -0.0340  0.1938 -0.0168 -0.0340
  368   O   Ox2  368  0.2301 -0.1279  0.3665  0.2301 -0.1279  0.3665
  369   O   Ox1  369 -0.2524 -0.0610  0.2221 -0.2524 -0.0610  0.2221
  369   O   Ox2  369 -0.1018 -0.1454 -0.1021 -0.1018 -0.1454 -0.1021
  370   O   Ox1  370 -0.1840 -0.0631  0.2694 -0.1840 -0.0631  0.2694
  370   O   Ox2  370 -0.1087  0.0542  0.2269 -0.1087  0.0542  0.2269
  371   O   Ox1  371  0.4624 -0.2098 -0.0264  0.4624 -0.2098 -0.0264
  371   O   Ox2  371  0.1114 -0.1449 -0.1217  0.1114 -0.1449 -0.1217
  372   O   Ox1  372 -0.1733  0.0727 -0.1286 -0.1733  0.0727 -0.1286
  372   O   Ox2  372  0.0733 -0.1588  0.1627  0.0733 -0.1588  0.1627
  373   O   Ox1  373 -0.0526 -0.2761  0.0008 -0.0526 -0.2761  0.0008
  373   O   Ox2  373 -0.2427 -0.2007  0.1969 -0.2427 -0.2007  0.1969
  374   O   Ox1  374 -0.0088  0.0151  0.1200 -0.0088  0.0151  0.1200
  374   O   Ox2  374  0.0111  0.0254  0.0881  0.0111  0.0254  0.0881
  375   O   Ox1  375  0.0892 -0.0351  0.2144  0.0892 -0.0351  0.2144
  375   O   Ox2  375  0.0972 -0.0066 -0.2357  0.0972 -0.0066 -0.2357
  376   O   Ox1  376  0.0263 -0.2649 -0.2106  0.0263 -0.2649 -0.2106
  376   O   Ox2  376 -0.2234 -0.1314 -0.3563 -0.2234 -0.1314 -0.3563
  377   O   Ox1  377 -0.1324  0.1511  0.3442 -0.1324  0.1511  0.3442
  377   O   Ox2  377  0.1299 -0.2306 -0.1756  0.1299 -0.2306 -0.1756
  378   O   Ox1  378  0.0168 -0.1849 -0.0457  0.0168 -0.1849 -0.0457
  378   O   Ox2  378 -0.1660 -0.0719  0.1687 -0.1660 -0.0719  0.1687
  379   O   Ox1  379 -0.1354  0.0123  0.0920 -0.1354  0.0123  0.0920
  379   O   Ox2  379 -0.3126  0.2089 -0.1280 -0.3126  0.2089 -0.1280
  380   O   Ox1  380  0.0785  0.2165  0.1786  0.0785  0.2165  0.1786
  380   O   Ox2  380 -0.4824 -0.0245 -0.1578 -0.4824 -0.0245 -0.1578
  381   O   Ox1  381 -0.1336 -0.0584 -0.0861 -0.1336 -0.0584 -0.0861
  381   O   Ox2  381 -0.3908 -0.0858  0.2654 -0.3908 -0.0858  0.2654
  382   O   Ox1  382  0.1947 -0.0744  0.3295  0.1947 -0.0744  0.3295
  382   O   Ox2  382  0.0284  0.3194 -0.0356  0.0284  0.3194 -0.0356
  383   O   Ox1  383  0.1522 -0.1777 -0.0064  0.1522 -0.1777 -0.0064
  383   O   Ox2  383  0.0885  0.0242 -0.0299  0.0885  0.0242 -0.0299
  384   O   Ox1  384  0.1332  0.2945  0.0132  0.1332  0.2945  0.0132
  384   O   Ox2  384 -0.4764  0.0659 -0.3663 -0.4764  0.0659 -0.3663
  385   O   Ox1  385 -0.4126 -0.3059 -0.2502 -0.4126 -0.3059 -0.2502
  385   O   Ox2  385 -0.1799  0.1463  0.1273 -0.1799  0.1463  0.1273
  386   O   Ox1  386  0.2330 -0.1599 -0.1976  0.2330 -0.1599 -0.1976
  386   O   Ox2  386 -0.1829 -0.1710 -0.2589 -0.1829 -0.1710 -0.2589
  387   O   Ox1  387  0.3626  0.1257 -0.2718  0.3626  0.1257 -0.2718
  387   O   Ox2  387  0.0642 -0.2177 -0.0296  0.0642 -0.2177 -0.0296
  388   O   Ox1  388 -0.2526 -0.2348 -0.2030 -0.2526 -0.2348 -0.2030
  388   O   Ox2  388 -0.2117  0.3182  0.1500 -0.2117  0.3182  0.1500
  389   O   Ox1  389 -0.0446  0.0555 -0.0567 -0.0446  0.0555 -0.0567
  389   O   Ox2  389 -0.2190  0.1148 -0.0463 -0.2190  0.1148 -0.0463
  390   O   Ox1  390 -0.0262 -0.3209 -0.3208 -0.0262 -0.3209 -0.3208
  390   O   Ox2  390  0.0092 -0.1875 -0.2370  0.0092 -0.1875 -0.2370
  391   O   Ox1  391  0.1903  0.0313 -0.0711  0.1903  0.0313 -0.0711
  391   O   Ox2  391 -0.2051  0.3403 -0.1542 -0.2051  0.3403 -0.1542
  392   O   Ox1  392  0.0318 -0.2352 -0.4102  0.0318 -0.2352 -0.4102
  392   O   Ox2  392  0.0464 -0.1051 -0.3205  0.0464 -0.1051 -0.3205
  393   O   Ox1  393  0.1760 -0.1364  0.0925  0.1760 -0.1364  0.0925
  393   O   Ox2  393  0.0828 -0.1211  0.0355  0.0828 -0.1211  0.0355
  394   O   Ox1  394  0.2443  0.1105  0.1538  0.2443  0.1105  0.1538
  394   O   Ox2  394  0.0875 -0.0400  0.3724  0.0875 -0.0400  0.3724
  395   O   Ox1  395 -0.0596 -0.0393  0.2100 -0.0596 -0.0393  0.2100
  395   O   Ox2  395 -0.0152  0.0573 -0.1504 -0.0152  0.0573 -0.1504
  396   O   Ox1  396  0.2070  0.0909  0.1082  0.2070  0.0909  0.1082
  396   O   Ox2  396  0.1621 -0.2606 -0.3158  0.1621 -0.2606 -0.3158
  397   O   Ox1  397 -0.0136  0.3202 -0.1618 -0.0136  0.3202 -0.1618
  397   O   Ox2  397 -0.0721 -0.2092  0.0683 -0.0721 -0.2092  0.0683
  398   O   Ox1  398 -0.0118  0.0353 -0.0141 -0.0118  0.0353 -0.0141
  398   O   Ox2  398 -0.2883 -0.1665  0.2058 -0.2883 -0.1665  0.2058
  399   O   Ox1  399 -0.0292 -0.0513  0.0298 -0.0292 -0.0513  0.0298
  399   O   Ox2  399 -0.0509  0.0731  0.0904 -0.0509  0.0731  0.0904
  400   O   Ox1  400  0.0050 -0.0482 -0.0251  0.0050 -0.0482 -0.0251
  400   O   Ox2  400  0.1713  0.0803 -0.0451  0.1713  0.0803 -0.0451
  401   O   Ox1  401 -0.1107  0.1471 -0.1650 -0.1107  0.1471 -0.1650
  401   O   Ox2  401 -0.0435  0.3090  0.0483 -0.0435  0.3090  0.0483
  402   O   Ox1  402  0.1957  0.0333 -0.0314  0.1957  0.0333 -0.0314
  402   O   Ox2  402 -0.2482  0.1179  0.1501 -0.2482  0.1179  0.1501
  403   O   Ox1  403  0.0001 -0.1827  0.2625  0.0001 -0.1827  0.2625
  403   O   Ox2  403  0.0919 -0.1199  0.1249  0.0919 -0.1199  0.1249
  404   O   Ox1  404 -0.0266  0.0178 -0.0167 -0.0266  0.0178 -0.0167
  404   O   Ox2  404  0.0108  0.0548 -0.1628  0.0108  0.0548 -0.1628
  405   O   Ox1  405  0.1718 -0.1627  0.0390  0.1718 -0.1627  0.0390
  405   O   Ox2  405 -0.5667  0.4050  0.2115 -0.5667  0.4050  0.2115
  406   O   Ox1  406  0.4918 -0.0726  0.2812  0.4918 -0.0726  0.2812
  406   O   Ox2  406  0.3303 -0.1855  0.4395  0.3303 -0.1855  0.4395
  407   O   Ox1  407  0.0246 -0.2793 -0.0036  0.0246 -0.2793 -0.0036
  407   O   Ox2  407  0.1257 -0.2912  0.0252  0.1257 -0.2912  0.0252
  408   O   Ox1  408 -0.0244 -0.1542  0.1444 -0.0244 -0.1542  0.1444
  408   O   Ox2  408 -0.2684 -0.2330 -0.0101 -0.2684 -0.2330 -0.0101
  409   O   Ox1  409  0.1073  0.1139  0.1054  0.1073  0.1139  0.1054
  409   O   Ox2  409  0.0897 -0.1024  0.3120  0.0897 -0.1024  0.3120
  410   O   Ox1  410  0.1420 -0.0011 -0.2626  0.1420 -0.0011 -0.2626
  410   O   Ox2  410  0.1521  0.3082  0.2781  0.1521  0.3082  0.2781
  411   O   Ox1  411 -0.0463  0.1381 -0.3035 -0.0463  0.1381 -0.3035
  411   O   Ox2  411 -0.0226 -0.1586  0.2162 -0.0226 -0.1586  0.2162
  412   O   Ox1  412 -0.0733 -0.2883  0.0897 -0.0733 -0.2883  0.0897
  412   O   Ox2  412 -0.0053 -0.0799  0.2133 -0.0053 -0.0799  0.2133
  413   O   Ox1  413  0.1025 -0.0043  0.2511  0.1025 -0.0043  0.2511
  413   O   Ox2  413  0.1650  0.2114  0.4887  0.1650  0.2114  0.4887
  414   O   Ox1  414 -0.0254 -0.0343 -0.0440 -0.0254 -0.0343 -0.0440
  414   O   Ox2  414  0.0664 -0.2850 -0.2104  0.0664 -0.2850 -0.2104
  415   O   Ox1  415 -0.1241 -0.0674  0.1906 -0.1241 -0.0674  0.1906
  415   O   Ox2  415 -0.0714  0.0603  0.1574 -0.0714  0.0603  0.1574
  416   O   Ox1  416 -0.1939  0.0501  0.0850 -0.1939  0.0501  0.0850
  416   O   Ox2  416  0.0732 -0.0705 -0.0368  0.0732 -0.0705 -0.0368
  417   O   Ox1  417 -0.0325  0.0056  0.0060 -0.0325  0.0056  0.0060
  417   O   Ox2  417  0.0542  0.1596  0.0566  0.0542  0.1596  0.0566
  418   O   Ox1  418  0.0571 -0.1349  0.2148  0.0571 -0.1349  0.2148
  418   O   Ox2  418 -0.2383  0.1485 -0.0533 -0.2383  0.1485 -0.0533
  419   O   Ox1  419  0.1529 -0.0359 -0.0230  0.1529 -0.0359 -0.0230
  419   O   Ox2  419 -0.2917 -0.1130 -0.3334 -0.2917 -0.1130 -0.3334
  420   O   Ox1  420  0.2193 -0.1295 -0.0260  0.2193 -0.1295 -0.0260
  420   O   Ox2  420  0.2671 -0.1356  0.2837  0.2671 -0.1356  0.2837
  421   O   Ox1  421 -0.0770  0.4713 -0.0783 -0.0770  0.4713 -0.0783
  421   O   Ox2  421 -0.0421  0.1449  0.0640 -0.0421  0.1449  0.0640
  422   O   Ox1  422 -0.2419 -0.1417  0.4233 -0.2419 -0.1417  0.4233
  422   O   Ox2  422  0.2456 -0.2082  0.2618  0.2456 -0.2082  0.2618
  423   O   Ox1  423  0.0259  0.0903 -0.0429  0.0259  0.0903 -0.0429
  423   O   Ox2  423 -0.2836 -0.1597  0.2419 -0.2836 -0.1597  0.2419
  424   O   Ox1  424 -0.3624 -0.1713 -0.2520 -0.3624 -0.1713 -0.2520
  424   O   Ox2  424 -0.0415 -0.1544 -0.1127 -0.0415 -0.1544 -0.1127
  425   O   Ox1  425  0.0612 -0.1990  0.0642  0.0612 -0.1990  0.0642
  425   O   Ox2  425 -0.3548 -0.0362 -0.0947 -0.3548 -0.0362 -0.0947
  426   O   Ox1  426 -0.0185  0.2736 -0.0755 -0.0185  0.2736 -0.0755
  426   O   Ox2  426 -0.1528 -0.0581 -0.0639 -0.1528 -0.0581 -0.0639
  427   O   Ox1  427 -0.1598  0.4641  0.1630 -0.1598  0.4641  0.1630
  427   O   Ox2  427 -0.0183  0.0713  0.1243 -0.0183  0.0713  0.1243
  428   O   Ox1  428  0.2199  0.0669  0.2835  0.2199  0.0669  0.2835
  428   O   Ox2  428  0.0458 -0.2120 -0.1455  0.0458 -0.2120 -0.1455
  429   O   Ox1  429  0.0414  0.0431 -0.0030  0.0414  0.0431 -0.0030
  429   O   Ox2  429  0.0130  0.0627 -0.4612  0.0130  0.0627 -0.4612
  430   O   Ox1  430 -0.0972 -0.0486  0.3490 -0.0972 -0.0486  0.3490
  430   O   Ox2  430 -0.0874 -0.0239  0.0122 -0.0874 -0.0239  0.0122
  431   O   Ox1  431 -0.0001 -0.4149  0.2074 -0.0001 -0.4149  0.2074
  431   O   Ox2  431 -0.2306 -0.1300 -0.0241 -0.2306 -0.1300 -0.0241
  432   O   Ox1  432 -0.3321  0.0860  0.2642 -0.3321  0.0860  0.2642
  432   O   Ox2  432  0.2064 -0.0054  0.1684  0.2064 -0.0054  0.1684
  433   O   Ox1  433  0.0612  0.1108  0.2069  0.0612  0.1108  0.2069
  433   O   Ox2  433  0.0555 -0.2753 -0.0366  0.0555 -0.2753 -0.0366
  434   O   Ox1  434  0.1335 -0.0053 -0.1517  0.1335 -0.0053 -0.1517
  434   O   Ox2  434 -0.0644  0.0063 -0.0562 -0.0644  0.0063 -0.0562
  435   O   Ox1  435 -0.2230 -0.0720 -0.1297 -0.2230 -0.0720 -0.1297
  435   O   Ox2  435 -0.2129  0.0485 -0.0757 -0.2129  0.0485 -0.0757
  436   O   Ox1  436  0.0345  0.2175 -0.2468  0.0345  0.2175 -0.2468
  436   O   Ox2  436 -0.0318  0.2466  0.0339 -0.0318  0.2466  0.0339
  437   O   Ox1  437 -0.0760 -0.1425  0.1638 -0.0760 -0.1425  0.1638
  437   O   Ox2  437 -0.0547 -0.1786  0.0196 -0.0547 -0.1786  0.0196
  438   O   Ox1  438  0.1070  0.3166  0.0192  0.1070  0.3166  0.0192
  438   O   Ox2  438  0.3198  0.2125  0.0134  0.3198  0.2125  0.0134
  439   O   Ox1  439  0.3078 -0.2029  0.2166  0.3078 -0.2029  0.2166
  439   O   Ox2  439  0.1055 -0.2028  0.1134  0.1055 -0.2028  0.1134
  440   O   Ox1  440 -0.1771 -0.2596  0.3647 -0.1771 -0.2596  0.3647
  440   O   Ox2  440 -0.2604  0.3042 -0.0791 -0.2604  0.3042 -0.0791
  441   O   Ox1  441  0.0652 -0.1367 -0.2613  0.0652 -0.1367 -0.2613
  441   O   Ox2  441  0.0928 -0.1431 -0.2491  0.0928 -0.1431 -0.2491
  442   O   Ox1  442  0.1280  0.0040  0.1863  0.1280  0.0040  0.1863
  442   O   Ox2  442 -0.0705  0.0718  0.0201 -0.0705  0.0718  0.0201
  443   O   Ox1  443 -0.2429  0.0685  0.0267 -0.2429  0.0685  0.0267
  443   O   Ox2  443 -0.4109 -0.0290  0.0677 -0.4109 -0.0290  0.0677
  444   O   Ox1  444  0.1585 -0.0548 -0.0186  0.1585 -0.0548 -0.0186
  444   O   Ox2  444  0.0697  0.1711  0.4321  0.0697  0.1711  0.4321
  445   O   Ox1  445 -0.0435 -0.2601  0.5050 -0.0435 -0.2601  0.5050
  445   O   Ox2  445  0.0351  0.1850  0.2500  0.0351  0.1850  0.2500
  446   O   Ox1  446  0.0193  0.3803  0.1257  0.0193  0.3803  0.1257
  446   O   Ox2  446 -0.1025 -0.0208  0.0251 -0.1025 -0.0208  0.0251
  447   O   Ox1  447 -0.1706  0.0599  0.0477 -0.1706  0.0599  0.0477
  447   O   Ox2  447 -0.0077 -0.1793 -0.0358 -0.0077 -0.1793 -0.0358
  448   O   Ox1  448 -0.0577  0.3101 -0.0640 -0.0577  0.3101 -0.0640
  448   O   Ox2  448  0.1437  0.1630  0.0890  0.1437  0.1630  0.0890
  449   O   Ox1  449  0.0824 -0.3176  0.1282  0.0824 -0.3176  0.1282
  449   O   Ox2  449  0.0208  0.4232  0.1264  0.0208  0.4232  0.1264
  450   O   Ox1  450 -0.0818  0.0299  0.0824 -0.0818  0.0299  0.0824
  450   O   Ox2  450  0.1388 -0.3244 -0.3249  0.1388 -0.3244 -0.3249
  451   O   Ox1  451  0.3459 -0.1787 -0.1345  0.3459 -0.1787 -0.1345
  451   O   Ox2  451 -0.1135 -0.1319  0.1184 -0.1135 -0.1319  0.1184
  452   O   Ox1  452  0.0476  0.0146 -0.0705  0.0476  0.0146 -0.0705
  452   O   Ox2  452 -0.0596  0.1618 -0.0509 -0.0596  0.1618 -0.0509
  453   O   Ox1  453 -0.0720  0.0670 -0.3601 -0.0720  0.0670 -0.3601
  453   O   Ox2  453  0.3456  0.0998 -0.0621  0.3456  0.0998 -0.0621
  454   O   Ox1  454  0.0214  0.0693 -0.0057  0.0214  0.0693 -0.0057
  454   O   Ox2  454  0.2513 -0.2349  0.3918  0.2513 -0.2349  0.3918
  455   O   Ox1  455  0.2746  0.2532 -0.0055  0.2746  0.2532 -0.0055
  455   O   Ox2  455 -0.0672  0.3481 -0.0677 -0.0672  0.3481 -0.0677
  456   O   Ox1  456  0.0915 -0.1577  0.0755  0.0915 -0.1577  0.0755
  456   O   Ox2  456 -0.1136 -0.0105 -0.1902 -0.1136 -0.0105 -0.1902
  457   O   Ox1  457  0.1416  0.0614 -0.4689  0.1416  0.0614 -0.4689
  457   O   Ox2  457 -0.0109  0.2109 -0.0338 -0.0109  0.2109 -0.0338
  458   O   Ox1  458 -0.1342  0.5798 -0.2574 -0.1342  0.5798 -0.2574
  458   O   Ox2  458  0.0374 -0.3549  0.1366  0.0374 -0.3549  0.1366
  459   O   Ox1  459 -0.0140 -0.1416  0.1455 -0.0140 -0.1416  0.1455
  459   O   Ox2  459  0.2147 -0.1233  0.4021  0.2147 -0.1233  0.4021
  460   O   Ox1  460  0.0763  0.3958  0.2637  0.0763  0.3958  0.2637
  460   O   Ox2  460 -0.1355  0.1457 -0.0956 -0.1355  0.1457 -0.0956
  461   O   Ox1  461  0.0219  0.3630 -0.0587  0.0219  0.3630 -0.0587
  461   O   Ox2  461 -0.3613  0.0399 -0.0182 -0.3613  0.0399 -0.0182
  462   O   Ox1  462  0.0588  0.1631  0.0733  0.0588  0.1631  0.0733
  462   O   Ox2  462  0.0787 -0.0004  0.0989  0.0787 -0.0004  0.0989
  463   O   Ox1  463 -0.1415  0.1379 -0.1937 -0.1415  0.1379 -0.1937
  463   O   Ox2  463 -0.0087  0.4339  0.0159 -0.0087  0.4339  0.0159
  464   O   Ox1  464 -0.2344 -0.2063  0.2069 -0.2344 -0.2063  0.2069
  464   O   Ox2  464  0.2437 -0.1076  0.1748  0.2437 -0.1076  0.1748
  465   O   Ox1  465  0.1686  0.1035 -0.1753  0.1686  0.1035 -0.1753
  465   O   Ox2  465 -0.1731 -0.1875  0.0840 -0.1731 -0.1875  0.0840
  466   O   Ox1  466 -0.0761  0.5696 -0.0505 -0.0761  0.5696 -0.0505
  466   O   Ox2  466  0.2501  0.0895 -0.2919  0.2501  0.0895 -0.2919
  467   O   Ox1  467  0.5204  0.0049 -0.2300  0.5204  0.0049 -0.2300
  467   O   Ox2  467  0.1066 -0.4616  0.0799  0.1066 -0.4616  0.0799
  468   O   Ox1  468  0.0596 -0.2498 -0.0646  0.0596 -0.2498 -0.0646
  468   O   Ox2  468  0.0609 -0.0140 -0.0271  0.0609 -0.0140 -0.0271
  469   O   Ox1  469 -0.1420  0.3485  0.0058 -0.1420  0.3485  0.0058
  469   O   Ox2  469 -0.0401  0.0865  0.1739 -0.0401  0.0865  0.1739
  470   O   Ox1  470 -0.1549  0.0103 -0.3863 -0.1549  0.0103 -0.3863
  470   O   Ox2  470 -0.3589  0.2933 -0.0424 -0.3589  0.2933 -0.0424
  471   O   Ox1  471  0.1836  0.3313 -0.3294  0.1836  0.3313 -0.3294
  471   O   Ox2  471  0.1472 -0.1622  0.0065  0.1472 -0.1622  0.0065
  472   O   Ox1  472  0.0341  0.0705 -0.2000  0.0341  0.0705 -0.2000
  472   O   Ox2  472 -0.1991 -0.1583 -0.0121 -0.1991 -0.1583 -0.0121
  473   O   Ox1  473  0.5286  0.0023 -0.2918  0.5286  0.0023 -0.2918
  473   O   Ox2  473  0.0483  0.1078 -0.1542  0.0483  0.1078 -0.1542
  474   O   Ox1  474 -0.0452 -0.0719  0.0557 -0.0452 -0.0719  0.0557
  474   O   Ox2  474  0.0334  0.1142 -0.0134  0.0334  0.1142 -0.0134
  475   O   Ox1  475 -0.1645 -0.0918 -0.0542 -0.1645 -0.0918 -0.0542
  475   O   Ox2  475 -0.0526 -0.1468 -0.0323 -0.0526 -0.1468 -0.0323
  476   O   Ox1  476  0.0716 -0.0485 -0.0269  0.0716 -0.0485 -0.0269
  476   O   Ox2  476  0.1809 -0.0814 -0.0816  0.1809 -0.0814 -0.0816
  477   O   Ox1  477  0.0116 -0.0181  0.0561  0.0116 -0.0181  0.0561
  477   O   Ox2  477  0.0124 -0.0499  0.0336  0.0124 -0.0499  0.0336
  478   O   Ox1  478 -0.1185  0.2066 -0.0129 -0.1185  0.2066 -0.0129
  478   O   Ox2  478  0.1123  0.1215  0.0553  0.1123  0.1215  0.0553
  479   O   Ox1  479 -0.2790 -0.0173  0.3023 -0.2790 -0.0173  0.3023
  479   O   Ox2  479 -0.4904 -0.0925  0.2310 -0.4904 -0.0925  0.2310
  480   O   Ox1  480 -0.1931  0.2612 -0.1851 -0.1931  0.2612 -0.1851
  480   O   Ox2  480  0.0184  0.3611  0.1257  0.0184  0.3611  0.1257
  481   O   Ox1  481 -0.1231 -0.1676 -0.1343 -0.1231 -0.1676 -0.1343
  481   O   Ox2  481 -0.0469 -0.0094 -0.2753 -0.0469 -0.0094 -0.2753
  482   O   Ox1  482  0.1461  0.1043 -0.0352  0.1461  0.1043 -0.0352
  482   O   Ox2  482 -0.0526  0.1647 -0.3202 -0.0526  0.1647 -0.3202
  483   O   Ox1  483 -0.1731 -0.3266 -0.0335 -0.1731 -0.3266 -0.0335
  483   O   Ox2  483 -0.3248 -0.1330  0.3255 -0.3248 -0.1330  0.3255
  484   O   Ox1  484  0.2104  0.2439 -0.0461  0.2104  0.2439 -0.0461
  484   O   Ox2  484  0.2261  0.2446  0.0006  0.2261  0.2446  0.0006
  485   O   Ox1  485 -0.1831 -0.2513  0.0892 -0.1831 -0.2513  0.0892
  485   O   Ox2  485  0.0662 -0.1980 -0.0197  0.0662 -0.1980 -0.0197
  486   O   Ox1  486  0.1338  0.2406 -0.1007  0.1338  0.2406 -0.1007
  486   O   Ox2  486 -0.1699 -0.1524 -0.0424 -0.1699 -0.1524 -0.0424
  487   O   Ox1  487 -0.0855  0.2062 -0.0682 -0.0855  0.2062 -0.0682
  487   O   Ox2  487  0.0241  0.0132  0.1408  0.0241  0.0132  0.1408
  488   O   Ox1  488 -0.2193  0.1593  0.0671 -0.2193  0.1593  0.0671
  488   O   Ox2  488 -0.1546  0.0501  0.0309 -0.1546  0.0501  0.0309
  489   O   Ox1  489 -0.0885 -0.1054 -0.0707 -0.0885 -0.1054 -0.0707
  489   O   Ox2  489 -0.0300 -0.1054  0.1561 -0.0300 -0.1054  0.1561
  490   O   Ox1  490 -0.0478 -0.0226 -0.3711 -0.0478 -0.0226 -0.3711
  490   O   Ox2  490 -0.0448 -0.1785 -0.1377 -0.0448 -0.1785 -0.1377
  491   O   Ox1  491 -0.0133  0.1842 -0.1592 -0.0133  0.1842 -0.1592
  491   O   Ox2  491 -0.2163 -0.2965 -0.0704 -0.2163 -0.2965 -0.0704
  492   O   Ox1  492  0.3403  0.0475  0.1324  0.3403  0.0475  0.1324
  492   O   Ox2  492  0.2486 -0.0278  0.2599  0.2486 -0.0278  0.2599
  493   O   Ox1  493  0.2316  0.1643 -0.0088  0.2316  0.1643 -0.0088
  493   O   Ox2  493  0.0319 -0.0523  0.2557  0.0319 -0.0523  0.2557
  494   O   Ox1  494 -0.0671 -0.1717 -0.1044 -0.0671 -0.1717 -0.1044
  494   O   Ox2  494 -0.2612 -0.0620 -0.1164 -0.2612 -0.0620 -0.1164
  495   O   Ox1  495 -0.1435  0.0017  0.0928 -0.1435  0.0017  0.0928
  495   O   Ox2  495  0.0343 -0.0854 -0.1404  0.0343 -0.0854 -0.1404
  496   O   Ox1  496  0.1179  0.0469  0.0372  0.1179  0.0469  0.0372
  496   O   Ox2  496  0.0991  0.0343 -0.0448  0.0991  0.0343 -0.0448
  497   O   Ox1  497 -0.1245  0.2061 -0.0084 -0.1245  0.2061 -0.0084
  497   O   Ox2  497  0.0574 -0.0870 -0.2246  0.0574 -0.0870 -0.2246
  498   O   Ox1  498  0.0411 -0.1980  0.1462  0.0411 -0.1980  0.1462
  498   O   Ox2  498 -0.0384  0.1611 -0.2063 -0.0384  0.1611 -0.2063
  499   O   Ox1  499  0.4123  0.2930  0.2535  0.4123  0.2930  0.2535
  499   O   Ox2  499 -0.2120  0.0786  0.0692 -0.2120  0.0786  0.0692
  500   O   Ox1  500  0.1077  0.3253  0.2155  0.1077  0.3253  0.2155
  500   O   Ox2  500  0.3059  0.0402  0.2395  0.3059  0.0402  0.2395
