   11936843862645.693     
   11916755735448.570     
   11856737342901.672     
   11757517481599.170     
   11620284479963.020     
   11446648936190.381     
   11238595560206.580     
   10998427382761.830     
   10728705702064.965     
   10432188892062.516     
   10111772715158.047     
   9770434179997.9746     
   9411180364829.9570     
   9037003057671.2402     
   8650839588904.9844     
   8255539864751.9482     
   7853839347350.1172     
   7448337557462.7822     
   7041481579825.2217     
   6635554010718.6377     
   6232664786445.9248     
   5834746355263.2119     
   5443551694951.0293     
   5060654724584.0342     
   4687452707551.2783     
   4325170290318.5640     
   3974864865287.8682     
   3637432986694.2124     
   3313617605112.8091     
   3004015918545.0718     
   2709087667499.3975     
   2429163726713.6162     
   2164454868592.0608     
   1915060592850.1016     
   1680977934193.4543     
   1462110174896.4539     
   1258275402671.0005     
   1069214865727.9364     
   894601086684.55664     
   734045704813.85449     
   587107022584.38196     
   453297237901.50500     
   332089348377.14703     
   222923718103.28021     
   125214300953.99690     
   38354517078.980385     
  -38277218769.672661     
  -105312316998.23853     
  -163387180081.07248     
  -213138715107.33649     
  -255200189930.86749     
  -290197430049.88080     
  -318745352221.17395     
  -341444829821.85577     
  -358879884234.87769     
  -371615195823.45575     
  -380193927131.13104     
  -385135849736.93445     
  -386935765000.51801     
  -386062207843.75226     
  -382956421795.20081     
  -378031592777.58087     
  -371672328484.74878     
  -364234369731.86969     
  -356044519811.95099     
  -347400777471.30450     
  -338572658782.57922     
  -329801692896.69867     
  -321302076526.42126     
  -313261471903.94116     
  -305841932781.61737     
  -299180942881.45740     
  -293392551196.28918     
  -288568588807.61047     
  -284779952266.38861     
  -282077939071.03101     
  -280495621360.89301     
  -280049244512.19226     
  -280739638053.48389     
  -282553627066.60175     
  -285465433138.87048     
  -289438054938.66644     
  -294424619568.88940     
  -300369697019.84857     
  -307210571085.13776     
  -314878461106.77197     
  -323299689663.18597     
  -332396792000.07483     
  -342089563575.76996     
  -352296042693.28796     
  -362933425810.33868     
  -373918913794.75055     
  -385170487992.39783     
  -396607615562.90369     
  -408151884065.16211     
  -419727565740.33240     
  -431262112329.02588     
  -442686581697.73315     
  -453935997890.45709     
  -464949646572.74506     
  -475671308242.11523     
  -486049431982.26025     
  -496037253097.77698     
  -505592858428.22363     
  -514679203467.86224     
  -523264085465.45569     
  -531320076606.06421     
  -538824421404.97437     
  -545758902586.68115     
  -552109679881.09326     
  -557867106093.82336     
  -563025524484.79968     
  -567583050961.92773     
  -571541344010.63232     
  -574905364893.97754     
  -577683130355.60657     
  -579885459941.82935     
  -581525720082.03662     
  -582619567055.27759     
  -583184691018.35461     
  -583240563172.23499     
  -582808188011.89746     
  -581909862360.57642     
  -580568942718.95496     
  -578809622202.91174     
  -576656718145.43250     
  -574135471242.01453     
  -571271356891.29565     
  -568089909217.53784     
  -564616558101.54968     
  -560876479419.38232     
  -556894458603.12488     
  -552694767547.29968     
  -548301054708.87408     
  -543736247925.34393     
  -539022469051.65283     
  -534180959174.81110     
  -529232013045.89215     
  -524194921503.85773     
  -519087921035.41516     
  -513928150073.87054     
  -508731612073.42493     
  -503513145741.73877     
  -498286403012.03094     
  -493063835404.99158     
  -487856689327.99780     
  -482675010703.18958     
  -477527659062.97485     
  -472422331000.30042     
  -467365592572.47430     
  -462362920053.71973     
  -457418748244.43182     
  -452536525462.17810     
  -447718774365.62897     
  -442967157867.27966     
  -438282549510.58234     
  -433665107813.50610     
  -429114354105.73669     
  -424629253339.20831     
  -420208297195.73279     
  -415849588554.61798     
  -411550926168.88873     
  -407309888130.24683     
  -403123912592.57361     
  -398990374131.17529     
  -394906654114.16711     
  -390870203490.83722     
  -386878596587.65350     
  -382929574802.04773     
  -379021079495.56641     
  -375151273864.92688     
  -371318554046.45502     
  -367521550045.19830     
  -363759117432.00183     
  -360030321003.89185     
  -356334411844.03320     
  -352670799504.61096     
  -349039021210.19855     
  -345438710118.24921     
  -341869564599.64160     
  -338331320249.59479     
  -334823725879.31458     
  -331346524261.01324     
  -327899437971.16522     
  -324482160354.07123     
  -321094351378.16071     
  -317735637916.27966     
  -314405617872.15967     
  -311103867460.97839     
  -307829950948.86041     
  -304583432252.97546     
  -301363887821.16779     
  -298170920218.09381     
  -295004171679.06635     
  -291863336673.87769     
  -288748172388.14264     
  -285658506079.42914     
  -282594238546.59760     
  -279555343460.08160     
  -276541862827.46332     
  -273553899272.29901     
  -270591605874.29410     
  -267655174257.37338     
  -264744821572.20013     
  -261860777078.76807     
  -259003269087.00293     
  -256172513051.33658     
  -253368701522.95273     
  -250591996488.24353     
  -247842524386.97818     
  -245120373880.55905     
  -242425596234.20901     
  -239758207991.07895     
  -237118195532.65820     
  -234505521161.22476     
  -231920130553.87506     
  -229361961728.32813     
  -226830955699.82431     
  -224327068397.73169     
  -221850282422.38022     
  -219400616744.87830     
  -216978132887.53336     
  -214582937092.05499     
  -212215178725.60501     
  -209875045519.00159     
  -207562756254.83984     
  -205278551531.09177     
  -203022683139.03995     
  -200795402605.52463     
  -198596949338.15927     
  -196427538699.29022     
  -194287350152.76395     
  -192176515446.74832     
  -190095106598.77496     
  -188043123396.55695     
  -186020480248.36795     
  -184026992468.01291     
  -182062362528.35553     
  -180126167171.23920     
  -178217846528.17511     
  -176336696443.93143     
  -174481865112.96500     
  -172652354897.19345     
  -170847029894.36511     
  -169064629438.37805     
  -167303787295.57925     
  -165563055938.00687     
  -163840934938.13525     
  -162135902227.80209     
  -160446446844.91064     
  -158771101716.01715     
  -157108475108.16068     
  -155457279511.55197     
  -153816356976.31845     
  -152184700133.58078     
  -150561468397.94409     
  -148945999112.66425     
  -147337813590.91809     
  -145736618153.94321     
  -144142300358.75812     
  -142554920627.60120     
  -140974699553.51215     
  -139402001201.23734     
  -137837312919.92453     
  -136281222296.71477     
  -134734392069.12715     
  -133197533904.42543     
  -131671382021.46712     
  -130156667639.69490     
  -128654095278.54407     
  -127164321937.91570     
  -125687940124.37531     
  -124225465594.96573     
  -122777330402.88911     
  -121343881600.46071     
  -119925385622.16473     
  -118522038053.98695     
  -117133978188.12526     
  -115761307382.33092     
  -114404109822.94302     
  -113062473964.09012     
  -111736512726.89708     
  -110426380628.79137     
  -109132286401.08032     
  -107854500192.68481     
  -106593355065.44414     
  -105349243043.37134     
  -104122606428.00398     
  -102913925409.42683     
  -101723703228.91263     
  -100552450220.25008     
  -99400667996.557770     
  -98268834881.917465     
  -97157393384.036896     
  -96066740172.025757     
  -94997218684.180222     
  -93949114192.432816     
  -92922650939.992645     
  -91917990827.911545     
  -90935233085.829086     
  -89974414388.269394     
  -89035508965.272217     
  -88118428380.602249     
  -87223020765.500153     
  -86349069371.116379     
  -85496290366.183441     
  -84664329898.882446     
  -83852760578.053345     
  -83061077736.124542     
  -82288696013.061050     
  -81534946924.374802     
  -80799078066.523605     
  -80080254540.083099     
  -79377563001.287003     
  -78690018533.270340     
  -78016574234.484329     
  -77356133131.570114     
  -76707561742.668961     
  -76069704434.675278     
  -75441397699.100266     
  -74821483615.661682     
  -74208821990.961243     
  -73602300937.855240     
  -73000845881.325226     
  -72403427204.818176     
  -71809066869.670029     
  -71216844397.127518     
  -70625902426.595474     
  -70035451893.721405     
  -69444776627.778671     
  -68853237101.394669     
  -68260273033.686653     
  -67665404596.354134     
  -67068232027.868904     
  -66468433596.266861     
  -65865761965.174507     
  -65260039205.807793     
  -64651150868.882942     
  -64039039635.867630     
  -63423699067.058304     
  -62805167868.388763     
  -62183524953.031937     
  -61558885459.985374     
  -60931397832.517616     
  -60301242039.139366     
  -59668629094.905273     
  -59033802109.687080     
  -58397039106.060539     
  -57758657798.460358     
  -57119022332.284126     
  -56478551793.869438     
  -55837730027.100052     
  -55197116119.722794     
  -54557354744.244102     
  -53919185496.127419     
  -53283450316.049538     
  -52651098074.660873     
  -52023185458.979691     
  -51400873446.591179     
  -50785418957.038704     
  -50178161658.665771     
  -49580506365.505684     
  -48993901793.539436     
  -48419816568.289612     
  -47859713318.005234     
  -47315021504.236511     
  -46787109717.857300     
  -46277258324.915840     
  -45786633649.276970     
  -45316264736.254547     
  -44867023303.787239     
  -44439606910.459908     
  -44034525018.482155     
  -43652087570.329628     
  -43292395851.748192     
  -42955335611.255325     
  -42640572574.977821     
  -42347550638.753632     
  -42075493046.021004     
  -41823406926.904114     
  -41590091518.855415     
  -41374150268.536682     
  -41174006743.526894     
  -40987923984.859688     
  -40814026632.569771     
  -40650324955.021805     
  -40494739900.953461     
  -40345128423.853004     
  -40199308583.800522     
  -40055084194.743858     
  -39910269044.149956     
  -39762710858.815872     
  -39610315232.763100     
  -39451069647.503227     
  -39283067512.812042     
  -39104531968.990456     
  -38913839147.136154     
  -38709540663.920982     
  -38490385187.550911     
  -38255338843.108177     
  -38003604008.641403     
  -37734635805.079201     
  -37448155430.456383     
  -37144159569.691002     
  -36822925392.726501     
  -36485010941.542130     
  -36131250889.440758     
  -35762747662.360016     
  -35380857812.471718     
  -34987173596.114174     
  -34583500070.758385     
  -34171828417.100044     
  -33754306249.034252     
  -33333205571.880203     
  -32910888906.454205     
  -32489774164.348118     
  -32072299019.080090     
  -31660885604.067192     
  -31257906392.430447     
  -30865651988.595646     
  -30486301403.285538     
  -30121895214.523842     
  -29774311949.555218     
  -29445247930.856537     
  -29136200775.224274     
  -28848456638.796021     
  -28583081193.207573     
  -28340914235.425591     
  -28122567758.136173     
  -27928427269.773689     
  -27758656043.073757     
  -27613201889.082214     
  -27491805925.058624     
  -27394012668.929031     
  -27319180706.089630     
  -27266493089.979130     
  -27234966727.998428     
  -27223460155.295597     
  -27230679422.919701     
  -27255182152.478008     
  -27295380182.167973     
  -27349541476.646400     
  -27415792127.755962     
  -27492119370.231586     
  -27576376569.190929     
  -27666291199.706955     
  -27759476837.876671     
  -27853450024.229198     
  -27945652449.396336     
  -28033478332.981834     
  -28114306189.401993     
  -28185533610.989094     
  -28244613409.129066     
  -28289089421.725307     
  -28316630478.819878     
  -28325061333.785618     
  -28312389716.957264     
  -28276829040.826027     
  -28216816602.891376     
  -28131027456.382481     
  -28018384374.153549     
  -27878064610.898796     
  -27709504279.541698     
  -27512401159.655346     
  -27286716574.389671     
  -27032676656.490871     
  -26750773025.675922     
  -26441762666.248756     
  -26106666723.133915     
  -25746767916.719921     
  -25363606292.887478     
  -24958973059.365898     
  -24534902198.811283     
  -24093659498.150494     
  -23637728570.157253     
  -23169793355.146645     
  -22692716592.753296     
  -22209513857.893940     
  -21723323049.365223     
  -21237369595.955265     
  -20754928050.287331     
  -20279281052.009327     
  -19813676851.773033     
  -19361286637.531879     
  -18925162931.931473     
  -18508200201.122047     
  -18113098657.989616     
  -17742332035.479950     
  -17398119863.517223     
  -17082404581.798862     
  -16796833643.036314     
  -16542746596.702442     
  -16321166957.516586     
  -16132798480.296951     
  -15978025308.092762     
  -15856915369.048317     
  -15769226423.091558     
  -15714414261.293875     
  -15691642709.011005     
  -15699795273.104382     
  -15737488459.498859     
  -15803086928.782242     
  -15894720785.521559     
  -16010305329.936844     
  -16147563595.332729     
  -16304051958.689112     
  -16477188959.981615     
  -16664287197.956161     
  -16862587753.938776     
  -17069296255.297459     
  -17281619418.696297     
  -17496800885.369953     
  -17712155290.777908     
  -17925099776.708374     
  -18133182418.604946     
  -18334107294.755676     
  -18525756016.319637     
  -18706205622.547737     
  -18873742772.093277     
  -19026874203.213081     
  -19164333440.449963     
  -19285083751.980404     
  -19388317374.010506     
  -19473451103.476299     
  -19540118486.815258     
  -19588159064.519630     
  -19617605367.664875     
  -19628668575.365395     
  -19621723745.608986     
  -19597295441.411003     
  -19556044361.192848     
  -19498755417.524803     
  -19426327532.548141     
  -19339765125.968578     
  -19240170903.174889     
  -19128739223.014618     
  -19006749197.519718     
  -18875556701.245815     
  -18736584716.478420     
  -18591311634.470821     
  -18441257368.729122     
  -18287967316.304127     
  -18132994334.887093     
  -17977879045.948490     
  -17824128906.896210     
  -17673196584.808014     
  -17526458272.091930     
  -17385192601.454838     
  -17250560795.732368     
  -17123588583.918825     
  -17005150275.514360     
  -16895955197.364113     
  -16796536586.333475     
  -16707243057.151457     
  -16628232866.226795     
  -16559471340.999535     
  -16500731885.095995     
  -16451600900.369068     
  -16411486819.216599     
  -16379633230.384790     
  -16355135826.442804     
  -16336962687.140545     
  -16323977231.930271     
  -16314963090.581970     
  -16308650128.344765     
  -16303740954.736683     
  -16298937294.934958     
  -16292965698.158627     
  -16284602085.889149     
  -16272694785.693995     
  -16256185809.691902     
  -16234130279.861181     
  -16205714031.330393     
  -16170269469.057682     
  -16127289740.728312     
  -16076441151.318230     
  -16017573603.441559     
  -15950728670.688364     
  -15876144771.228373     
  -15794258771.810242     
  -15705703264.238926     
  -15611298750.864882     
  -15512040073.901215     
  -15409076741.101055     
  -15303687311.382748     
  -15197248514.710993     
  -15091200292.812286     
  -14987008303.031107     
  -14886125664.438599     
  -14789955819.193743     
  -14699818305.910187     
  -14616919026.009623     
  -14542326194.256184     
  -14476952780.265942     
  -14421545686.770020     
  -14376681531.812826     
  -14342768394.595146     
  -14320052610.833090     
  -14308629523.925367     
  -14308457213.228504     
  -14319372405.045872     
  -14341107954.088604     
  -14373311254.074856     
  -14415562935.286474     
  -14467395131.305647     
  -14528308743.677593     
  -14597789204.129030     
  -14675320361.329178     
  -14760396182.317373     
  -14852529946.736582     
  -14951260652.502356     
  -15056156294.793751     
  -15166813793.828178     
  -15282855463.818932     
  -15403922220.093050     
  -15529664033.374586     
  -15659728437.179823     
  -15793748106.269644     
  -15931328628.235683     
  -16072037646.418676     
  -16215396553.376844     
  -16360875887.350498     
  -16507895413.173481     
  -16655829379.763254     
  -16804016634.888847     
  -16951774484.234739     
  -17098414741.756166     
  -17243260387.687607     
  -17385661479.973461     
  -17525009277.792068     
  -17660747888.602577     
  -17792383137.143215     
  -17919488641.120808     
  -18041709276.393776     
  -18158762401.938690     
  -18270437326.975452     
  -18376593664.768101     
  -18477159270.596447     
  -18572128266.748627     
  -18661559342.609947     
  -18745574171.201706     
  -18824355564.343292     
  -18898144920.242214     
  -18967238499.837326     
  -19031982116.549168     
  -19092763934.181942     
  -19150005210.421604     
  -19204149012.715981     
  -19255647154.328358     
  -19304945709.733585     
  -19352469621.063377     
  -19398606974.921455     
  -19443693572.874432     
  -19487998424.245468     
  -19531710744.307243     
  -19574928891.566936     
  -19617651437.313786     
  -19659770355.060421     
  -19701066157.295246     
  -19741204896.843269     
  -19779737112.957020     
  -19816098975.370319     
  -19849616042.653065     
  -19879510086.420219     
  -19904909408.395935     
  -19924862850.177052     
  -19938357439.865738     
  -19944339251.365421     
  -19941736724.941093     
  -19929485434.883621     
  -19906553102.785683     
  -19871963632.871941     
  -19824819029.762596     
  -19764318282.411129     
  -19689772622.541889     
  -19600616895.531498     
  -19496417060.014297     
  -19376873933.949718     
  -19241823261.204498     
  -19091232027.281036     
  -18925190938.639950     
  -18743903187.043308     
  -18547669900.933247     
  -18336872969.669994     
  -18111956059.731903     
  -17873404689.574036     
  -17621726204.728260     
  -17357430505.547661     
  -17081012406.251852     
  -16792936560.521345     
  -16493625882.345684     
  -16183454303.114149     
  -15862744472.766397     
  -15531770736.709352     
  -15190767320.236605     
  -14839941233.781662     
  -14479489059.426401     
  -14109616451.456623     
  -13730559055.438868     
  -13342603457.401165     
  -12946106804.468431     
  -12541513778.120283     
  -12129369851.157568     
  -11710330050.083628     
  -11285162871.685963     
  -10854749347.039948     
  -10420077501.589056     
  -9982232554.5066147     
  -9542383235.0305557     
  -9101764523.0053921     
  -8661657128.8912640     
  -8223364011.0247526     
  -7788184418.9882565     
  -7357386196.9782000     
  -6932177386.2618179     
  -6513678419.6438980     
  -6102896355.8659678     
  -5700702585.6338234     
  -5307815242.5355940     
  -4924787132.3992443     
  -4551999471.8358717     
  -4189661226.2504892     
  -3837813672.1108489     
  -3496339906.8459787     
  -3164979252.3069921     
  -2843346435.4837446     
  -2530955081.0508337     
  -2227244521.0351572     
  -1931608444.0376422     
  -1643423624.8757420     
  -1362076898.0273669     
  -1086988749.3306491     
  -817632396.07572293     
  -553547863.38610172     
  -294351107.04103810     
  -39738638.450790972     
   210511715.99525985     
   456543242.25766098     
   698425270.06702244     
   936160027.59327722     
   1169690943.9089062     
   1398912006.5054305     
   1623677825.6999424     
   1843813979.4049184     
   2059127064.9865716     
   2269413778.7230496     
   2474468349.4178505     
   2674087814.2361898     
   2868074931.4170203     
   3056238773.7805719     
   3238393311.6175480     
   3414354395.3694377     
   3583935497.9680314     
   3746942341.1674323     
   3903166226.6690016     
   4052375771.3423738     
   4194306946.8224354     
   4328651636.7949810     
   4455045338.5793314     
   4573054850.3581457     
   4682167008.3562908     
   4781779543.5662222     
   4871195106.6585522     
   4949619359.6737690     
   5016163825.4792900     
   5069853892.1067982     
   5109642000.6174183     
   5134425609.4609356     
   5143069194.9089575     
   5134429213.4644337     
   5107380843.5775499     
   5060845273.5535402     
   4993816411.1879396     
   4905386087.9621305     
   4794767077.0204592     
   4661313419.1399755     
   4504537736.1109619     
   4324125295.8956566     
   4119944722.7217951     
   3892055445.2810965     
   3640712199.9576836     
   3366367133.7716012     
   3069670187.4403348     
   2751468464.6255279     
   2412805130.1193123     
   2054918110.4908869     
   1679238602.9112043     
   1287389080.5526869     
   881180387.07154644     
   462607442.55169529     
   33843117.318693459     
  -402770202.00702447     
  -844731944.10097492     
  -1289398250.2709081     
  -1734000972.5527723     
  -2175671008.1233683     
  -2611465832.7101660     
  -3038400761.8937345     
  -3453483265.6265669     
  -3853749565.2920365     
  -4236302697.2620130     
  -4598351210.1417837     
  -4937247712.0992451     
  -5250526459.8898058     
  -5535939274.0720320     
  -5791489151.6025991     
  -6015461033.0005226     
  -6206449191.5603142     
  -6363380640.1677523     
  -6485533798.6959887     
  -6572551578.5091162     
  -6624447999.4780207     
  -6641607619.3915119     
  -6624777311.6955509     
  -6575050396.1456470     
  -6493843627.3526869     
  -6382868038.3731136     
  -6244095008.4479990     
  -6079719123.7412519     
  -5892119471.7000504     
  -5683820801.4049759     
  -5457455774.1042032     
  -5215729130.0628233     
  -4961384204.8006201     
  -4697171926.7573023     
  -4425822224.0924044     
  -4150017697.2447281     
  -3872369431.8127437     
  -3595394938.7521787     
  -3321498308.3304853     
  -3052952773.3603005     
  -2791885943.8808222     
  -2540268051.4881883     
  -2299903507.1006126     
  -2072426002.9169250     
  -1859297204.3286579     
  -1661808784.9439135     
  -1481087241.1473532     
  -1318100608.3679183     
  -1173666033.4056478     
  -1048457172.5754199     
  -943010623.39930284     
  -857730967.63317335     
  -792894492.26714003     
  -748652102.42934847     
  -725032265.32861376     
  -721944989.61875439     
  -739187817.76628482     
  -776454560.96505892     
  -833347209.38225746     
  -909391029.56855071     
  -1004052507.2880465     
  -1116759463.8570712     
  -1246922371.8874440     
  -1393955749.1971018     
  -1557298292.5861170     
  -1736430389.5624690     
  -1930887710.6099548     
  -2140269842.4122553     
  -2364243279.9833937     
  -2602538493.7730637     
  -2854941126.6392007     
  -3121277699.1674929     
  -3401396478.0777044     
  -3695144362.6008601     
  -4002340807.7909598     
  -4322749871.4013796     
  -4656051542.5593357     
  -5001813584.1287289     
  -5359465254.3078775     
  -5728274381.8973198     
  -6107329302.2328472     
  -6495526982.7070255     
  -6891568384.0252914     
  -7293961649.6564102     
  -7701033212.7069035     
  -8110946416.5464172     
  -8521726747.3529968     
  -8931292342.3734875     
  -9337488078.3827305     
  -9738121370.5616798     
  -10130997779.183702     
  -10513954722.966236     
  -10884891936.071415     
  -11241797759.038729     
  -11582770803.505508     
  -11906036946.516888     
  -12209961985.619610     
  -12493060588.660671     
  -12754002341.935385     
  -12991615855.180758     
  -13204891785.594660     
  -13392985426.280663     
  -13555219130.967571     
  -13691084526.666744     
  -13800244178.062696     
  -13882532263.077045     
  -13937953766.970694     
  -13966681802.236862     
  -13969052806.072498     
  -13945559674.843187     
  -13896843204.867052     
  -13823682448.410107     
  -13726984754.111017     
  -13607776152.926565     
  -13467192537.205732     
  -13306471696.385654     
  -13126945947.337418     
  -12930034842.543987     
  -12717237392.183107     
  -12490123271.911451     
  -12250322641.318769     
  -11999514324.892382     
  -11739412255.275066     
  -11471750187.064627     
  -11198264783.750759     
  -10920677215.609600     
  -10640673517.916142     
  -10359884033.128305     
  -10079862404.982071     
  -9802064731.6767311     
  -9527829569.1553650     
  -9258359520.5523949     
  -8994705167.1387081     
  -8737752040.1495647     
  -8488211307.3661356     
  -8246614752.7003479     
  -8013314447.9599438     
  -7788487250.1084957     
  -7572143872.8265200     
  -7364141823.4102507     
  -7164201091.0060053     
  -6971921270.4001455     
  -6786798882.0181265     
  -6608244004.0172682     
  -6435595756.5319300     
  -6268136551.1326952     
  -6105105223.5927458     
  -5945709288.7870932     
  -5789136576.5464268     
  -5634566461.6219034     
  -5481180811.4923811     
  -5328174680.6286573     
  -5174766656.0670090     
  -5020208685.7924490     
  -4863795175.2828608     
  -4704871165.5454588     
  -4542839492.3134356     
  -4377166990.7066145     
  -4207389983.2620268     
  -4033119412.1292734     
  -3854046010.8398533     
  -3669945838.2417250     
  -3480686342.0577474     
  -3286232883.2759914     
  -3086655382.3102307     
  -2882134465.9510069     
  -2672966231.3639870     
  -2459564658.4862409     
  -2242460699.8558164     
  -2022297280.6284056     
  -1799819745.6333501     
  -1575861660.3886540     
  -1351326222.8600171     
  -1127163892.0773585     
  -904347094.80430675     
  -683843070.17120373     
  -466585946.72339869     
  -253449069.41058996     
  -45218438.327192709     
   157431949.61647439     
   353961994.43169653     
   543983549.68340540     
   727273498.56003666     
   903780710.12342513     
   1073626008.0018425     
   1237094692.9309809     
   1394621585.6720150     
   1546769053.9523606     
   1694198948.1876423     
   1837639934.1769500     
   1977852147.9567111     
   2115591436.1740553     
   2251575399.7182598     
   2386453180.8070321     
   2520780406.6813083     
   2655000124.2491541     
   2789429971.7030625     
   2924255305.4896507     
   3059527588.5768147     
   3195167090.1362014     
   3330968829.0408621     
   3466610749.7537541     
   3601663269.9755526     
   3735599549.3753338     
   3867806065.0421481     
   3997593257.6159916     
   4124206126.3404455     
   4246834726.8709793     
   4364624579.9637108     
